2356
2279
2038
2851
1497
2356
2279
2037
2851
1497
2356
2279
2037
2851
1497
2357
2279
2036
2851
1497
2357
2279
2036
2852
1497
2358
2279
2035
2852
1497
2358
2279
2035
2852
1497
2358
2280
2034
2852
1497
2359
2279
2034
2852
1497
2359
2279
2033
2852
1497
2360
2279
2033
2852
1497
2360
2280
2032
2852
1497
2361
2280
2032
2852
1497
2361
2280
2032
2853
1497
2362
2280
2032
2853
1497
2362
2280
2031
2854
1497
2363
2280
2031
2854
1497
2363
2281
2030
2854
1497
2363
2280
2030
2855
1497
2363
2281
2030
2855
1497
2364
2281
2031
2856
1497
2364
2281
2030
2856
1497
2364
2281
2030
2856
1497
2365
2281
2030
2857
1497
2365
2281
2030
2858
1497
2365
2282
2030
2858
1497
2365
2282
2030
2858
1497
2365
2282
2030
2858
1497
2366
2282
2030
2858
1497
2366
2282
2029
2859
1497
2366
2282
2030
2859
1497
2366
2282
2029
2858
1497
2366
2282
2029
2859
1497
2366
2282
2029
2859
1497
2366
2283
2029
2858
1497
2366
2283
2029
2859
1497
2366
2283
2029
2859
1497
2366
2283
2029
2859
1497
2366
2283
2028
2859
1497
2366
2283
2028
2859
1497
2366
2284
2028
2859
1497
2366
2284
2028
2859
1497
2366
2284
2027
2859
1497
2366
2284
2027
2859
1497
2366
2285
2027
2859
1497
2366
2285
2027
2859
1497
2366
2284
2027
2859
1497
2366
2285
2026
2859
1497
2366
2285
2026
2859
1497
2366
2285
2026
2859
1497
2366
2285
2026
2859
1497
2366
2285
2026
2858
1497
2366
2285
2025
2858
1497
2366
2285
2025
2857
1497
2366
2285
2024
2856
1497
2367
2285
2024
2856
1497
2366
2285
2023
2855
1497
2367
2285
2022
2854
1497
2367
2285
2022
2853
1497
2368
2285
2020
2852
1497
2368
2285
2019
2851
1497
2369
2285
2018
2850
1497
2369
2285
2015
2848
1497
2370
2285
2013
2846
1497
2370
2285
2011
2844
1497
2371
2285
2008
2842
1497
2372
2285
2006
2839
1497
2374
2285
2003
2836
1497
2374
2285
2000
2833
1497
2375
2284
1997
2829
1497
2377
2284
1995
2827
1497
2378
2284
1992
2823
1497
2379
2283
1990
2820
1497
2380
2283
1989
2817
1497
2381
2283
1987
2814
1497
2383
2282
1984
2810
1497
2384
2282
1983
2808
1497
2385
2282
1980
2805
1497
2387
2281
1978
2802
1497
2388
2280
1975
2801
1498
2390
2280
1974
2798
1498
2391
2280
1972
2796
1497
2393
2279
1971
2793
1497
2396
2278
1970
2791
1497
2398
2277
1969
2788
1498
2401
2277
1968
2786
1497
2404
2276
1968
2784
1497
2407
2275
1967
2781
1497
2409
2275
1967
2779
1497
2413
2274
1966
2778
1497
2416
2274
1967
2775
1497
2420
2273
1967
2773
1498
2423
2271
1967
2771
1497
2426
2270
1967
2769
1497
2430
2270
1968
2767
1497
2434
2269
1968
2766
1497
2438
2268
1968
2764
1497
2442
2267
1969
2763
1497
2446
2266
1969
2762
1497
2450
2265
1970
2760
1497
2454
2263
1971
2758
1498
2459
2262
1972
2757
1497
2463
2261
1973
2756
1497
2467
2260
1973
2755
1498
2472
2258
1974
2754
1497
2476
2257
1975
2752
1497
2481
2255
1976
2751
1497
2486
2253
1977
2750
1497
2490
2253
1979
2748
1497
2494
2251
1980
2748
1497
2498
2250
1981
2748
1497
2503
2249
1982
2747
1497
2507
2248
1983
2746
1497
2512
2247
1985
2745
1497
2516
2246
1986
2743
1497
2520
2245
1987
2742
1497
2525
2244
1988
2741
1497
2529
2243
1989
2740
1497
2533
2241
1989
2740
1497
2537
2241
1989
2739
1497
2541
2239
1990
2739
1497
2545
2239
1991
2738
1497
2549
2238
1992
2737
1497
2553
2237
1993
2737
1497
2556
2236
1992
2736
1497
2560
2235
1992
2736
1497
2564
2234
1992
2735
1497
2568
2234
1991
2734
1497
2571
2233
1991
2734
1497
2574
2232
1990
2733
1497
2578
2232
1989
2732
1497
2581
2231
1989
2731
1497
2584
2230
1988
2730
1496
2587
2229
1986
2729
1496
2590
2228
1985
2728
1496
2593
2228
1983
2726
1496
2596
2228
1982
2726
1497
2598
2228
1980
2724
1496
2600
2228
1978
2723
1496
2603
2228
1976
2722
1496
2605
2228
1974
2721
1496
2607
2227
1972
2718
1495
2609
2228
1969
2717
1496
2611
2228
1967
2715
1495
2613
2228
1965
2713
1495
2614
2228
1962
2711
1495
2616
2229
1960
2710
1495
2616
2229
1957
2708
1495
2617
2229
1954
2706
1495
2618
2229
1952
2705
1495
2618
2230
1949
2702
1495
2619
2230
1947
2701
1495
2619
2231
1945
2700
1495
2619
2231
1942
2698
1495
2619
2231
1940
2696
1495
2619
2231
1938
2694
1495
2618
2231
1936
2693
1495
2618
2231
1933
2692
1495
2618
2231
1932
2690
1495
2617
2231
1930
2689
1495
2617
2231
1927
2688
1495
2616
2230
1926
2687
1495
2615
2230
1924
2687
1495
2615
2230
1921
2686
1494
2614
2230
1918
2686
1494
2613
2229
1917
2685
1495
2612
2229
1915
2684
1494
2611
2229
1913
2683
1494
2610
2228
1912
2683
1494
2609
2228
1911
2682
1495
2607
2227
1910
2682
1495
2606
2227
1908
2681
1494
2605
2227
1907
2681
1494
2604
2226
1905
2680
1494
2602
2225
1904
2680
1494
2601
2225
1904
2680
1495
2600
2224
1903
2680
1495
2599
2223
1903
2680
1495
2598
2223
1903
2681
1494
2597
2222
1904
2681
1495
2596
2221
1903
2681
1494
2595
2220
1904
2681
1495
2594
2219
1905
2681
1494
2594
2218
1905
2681
1495
2593
2217
1906
2681
1495
2593
2216
1908
2681
1494
2591
2216
1909
2681
1494
2591
2214
1911
2680
1495
2591
2213
1913
2679
1494
2591
2211
1915
2678
1494
2590
2209
1918
2677
1494
2590
2207
1920
2677
1494
2590
2205
1923
2677
1494
2590
2203
1926
2677
1494
2590
2201
1929
2676
1494
2590
2198
1932
2676
1494
2590
2197
1936
2675
1494
2590
2194
1939
2674
1494
2590
2191
1943
2673
1494
2590
2189
1947
2671
1494
2591
2186
1950
2671
1494
2591
2183
1954
2670
1494
2591
2180
1959
2668
1494
2591
2178
1963
2666
1495
2591
2174
1968
2664
1494
2591
2172
1973
2662
1495
2591
2169
1977
2659
1495
2590
2166
1982
2656
1495
2590
2162
1987
2653
1494
2590
2160
1992
2650
1495
2590
2156
1997
2646
1494
2589
2153
2003
2642
1494
2589
2150
2008
2637
1494
2589
2146
2013
2633
1494
2588
2142
2020
2628
1495
2588
2139
2026
2623
1494
2588
2136
2032
2618
1495
2587
2133
2038
2612
1495
2587
2130
2044
2606
1495
2587
2127
2051
2601
1494
2586
2123
2057
2594
1494
2585
2120
2064
2587
1495
2584
2116
2071
2581
1495
2584
2114
2078
2574
1495
2583
2110
2086
2567
1494
2582
2107
2093
2560
1494
2581
2103
2100
2552
1495
2580
2100
2108
2545
1495
2580
2097
2116
2536
1494
2579
2094
2123
2529
1494
2578
2090
2131
2520
1495
2577
2088
2139
2511
1494
2576
2084
2148
2502
1494
2576
2081
2155
2494
1495
2575
2078
2164
2485
1494
2574
2074
2172
2476
1494
2574
2071
2181
2467
1494
2573
2068
2189
2457
1495
2572
2065
2197
2448
1495
2572
2061
2205
2438
1494
2571
2058
2214
2429
1494
2571
2056
2223
2419
1494
2571
2053
2231
2409
1494
2569
2050
2240
2398
1494
2569
2046
2248
2389
1494
2568
2044
2257
2379
1495
2568
2041
2266
2369
1494
2568
2039
2276
2359
1494
2567
2036
2284
2349
1494
2567
2034
2292
2338
1494
2567
2032
2301
2327
1494
2567
2030
2310
2317
1494
2567
2027
2319
2307
1494
2566
2025
2327
2296
1495
2567
2023
2335
2286
1494
2566
2021
2345
2275
1494
2566
2019
2353
2264
1494
2565
2017
2361
2253
1495
2565
2016
2368
2243
1494
2565
2015
2376
2232
1494
2565
2014
2383
2220
1494
2565
2013
2390
2209
1494
2565
2012
2398
2199
1494
2565
2011
2405
2188
1494
2565
2010
2412
2178
1495
2565
2009
2420
2167
1494
2565
2008
2427
2156
1495
2564
2008
2434
2145
1495
2565
2007
2441
2135
1494
2564
2007
2447
2125
1495
2564
2007
2454
2115
1495
2564
2006
2461
2105
1495
2564
2006
2467
2095
1494
2564
2005
2472
2084
1494
2564
2005
2478
2073
1494
2564
2005
2483
2062
1495
2564
2005
2489
2052
1495
2563
2005
2494
2042
1495
2563
2006
2499
2031
1495
2562
2006
2504
2021
1494
2562
2006
2509
2011
1495
2562
2006
2513
2001
1495
2561
2006
2518
1990
1494
2561
2007
2522
1980
1495
2560
2007
2527
1970
1495
2559
2008
2531
1960
1495
2558
2008
2535
1949
1494
2557
2008
2539
1941
1495
2556
2009
2543
1933
1495
2555
2010
2547
1924
1494
2554
2011
2550
1915
1495
2553
2011
2554
1906
1495
2552
2012
2557
1897
1494
2551
2013
2560
1888
1494
2550
2014
2564
1880
1495
2548
2015
2567
1871
1494
2548
2016
2569
1862
1495
2547
2017
2572
1854
1494
2545
2019
2574
1845
1495
2544
2020
2576
1838
1495
2543
2022
2578
1830
1495
2541
2024
2580
1821
1495
2540
2025
2581
1814
1494
2538
2027
2582
1806
1494
2536
2029
2584
1799
1494
2536
2031
2585
1793
1494
2534
2033
2586
1786
1495
2533
2035
2587
1780
1495
2531
2038
2587
1774
1494
2530
2040
2588
1768
1494
2528
2042
2588
1764
1495
2527
2045
2588
1759
1494
2524
2047
2588
1755
1495
2523
2050
2588
1751
1494
2521
2052
2588
1747
1494
2520
2054
2587
1744
1494
2518
2056
2587
1741
1494
2516
2057
2586
1739
1494
2514
2059
2586
1737
1494
2512
2060
2585
1735
1494
2511
2062
2584
1734
1494
2509
2063
2583
1733
1494
2507
2065
2581
1733
1495
2506
2066
2580
1733
1495
2504
2067
2579
1734
1494
2503
2068
2577
1734
1495
2501
2069
2575
1735
1495
2500
2070
2573
1736
1495
2498
2070
2571
1737
1494
2497
2071
2569
1739
1494
2495
2071
2567
1741
1494
2494
2072
2564
1743
1494
2492
2071
2562
1745
1495
2491
2071
2559
1748
1495
2490
2071
2557
1751
1494
2489
2071
2554
1754
1495
2488
2071
2551
1757
1494
2487
2071
2549
1761
1494
2486
2071
2546
1764
1494
2485
2071
2543
1769
1494
2484
2071
2540
1773
1495
2483
2071
2538
1778
1494
2483
2071
2534
1783
1494
2481
2071
2531
1788
1494
2480
2070
2528
1794
1494
2480
2071
2524
1800
1495
2479
2071
2521
1806
1494
2478
2070
2517
1813
1495
2477
2070
2514
1820
1494
2477
2069
2510
1827
1495
2477
2069
2506
1835
1495
2477
2069
2502
1842
1495
2477
2068
2498
1850
1494
2476
2067
2494
1858
1494
2476
2066
2490
1865
1494
2475
2066
2485
1873
1494
2475
2065
2481
1882
1495
2475
2065
2477
1891
1495
2475
2063
2472
1900
1495
2475
2063
2467
1908
1495
2475
2062
2463
1917
1494
2475
2061
2458
1926
1494
2475
2060
2453
1936
1495
2475
2060
2448
1945
1495
2475
2059
2443
1956
1495
2474
2058
2438
1965
1494
2474
2057
2433
1974
1495
2475
2056
2428
1984
1495
2475
2056
2423
1994
1495
2475
2055
2417
2005
1495
2475
2055
2412
2015
1494
2475
2055
2405
2025
1495
2475
2055
2400
2036
1495
2475
2055
2394
2046
1495
2475
2055
2389
2056
1494
2475
2055
2382
2066
1495
2475
2055
2376
2076
1495
2475
2055
2370
2088
1495
2475
2055
2364
2097
1494
2475
2055
2358
2107
1495
2475
2056
2352
2117
1495
2475
2056
2346
2127
1495
2475
2056
2340
2137
1495
2475
2057
2332
2147
1495
2475
2057
2326
2157
1495
2475
2058
2319
2167
1495
2474
2058
2313
2177
1494
2474
2059
2306
2186
1495
2474
2060
2299
2197
1495
2474
2061
2293
2206
1495
2474
2061
2286
2216
1494
2474
2062
2280
2226
1494
2474
2064
2273
2236
1495
2474
2066
2266
2245
1494
2474
2067
2260
2254
1495
2474
2068
2253
2263
1494
2474
2071
2246
2273
1495
2474
2073
2240
2282
1495
2474
2074
2233
2290
1495
2474
2076
2226
2299
1494
2474
2078
2219
2308
1494
2474
2080
2212
2317
1495
2474
2082
2205
2325
1495
2474
2084
2198
2333
1495
2474
2086
2191
2343
1495
2474
2089
2185
2351
1494
2474
2090
2178
2359
1494
2474
2093
2172
2367
1494
2474
2095
2165
2375
1494
2474
2097
2158
2383
1494
2474
2099
2152
2391
1495
2474
2102
2145
2399
1495
2474
2103
2137
2407
1494
2474
2106
2130
2415
1494
2474
2108
2124
2423
1495
2474
2110
2117
2430
1495
2473
2113
2110
2438
1495
2473
2115
2104
2445
1494
2473
2117
2097
2453
1494
2473
2120
2090
2460
1495
2473
2122
2084
2468
1494
2473
2125
2076
2475
1494
2473
2127
2070
2483
1494
2473
2130
2063
2489
1495
2473
2133
2056
2497
1494
2474
2136
2050
2503
1495
2473
2138
2043
2510
1494
2473
2141
2037
2519
1495
2473
2145
2030
2526
1494
2474
2147
2024
2533
1494
2474
2150
2017
2540
1495
2474
2153
2009
2547
1494
2474
2156
2003
2554
1495
2474
2159
1996
2560
1494
2474
2162
1989
2567
1494
2474
2166
1982
2574
1494
2474
2168
1975
2580
1494
2474
2171
1969
2587
1494
2474
2174
1961
2595
1494
2474
2177
1955
2601
1494
2474
2181
1947
2608
1494
2474
2183
1940
2614
1494
2474
2187
1933
2621
1495
2474
2190
1926
2628
1494
2474
2193
1918
2635
1495
2474
2197
1911
2642
1495
2475
2200
1904
2649
1494
2474
2203
1896
2656
1494
2475
2207
1889
2663
1494
2474
2212
1880
2670
1494
2474
2216
1873
2678
1494
2475
2220
1866
2685
1495
2474
2223
1857
2692
1494
2475
2227
1850
2699
1494
2475
2230
1842
2706
1495
2475
2234
1835
2713
1494
2475
2238
1827
2721
1495
2475
2242
1819
2729
1494
2475
2246
1811
2736
1494
2475
2250
1803
2743
1494
2475
2253
1796
2750
1495
2475
2257
1788
2757
1494
2475
2261
1780
2764
1494
2475
2265
1772
2771
1495
2475
2269
1764
2778
1494
2475
2275
1757
2786
1494
2475
2278
1748
2793
1495
2475
2282
1740
2800
1495
2475
2286
1733
2807
1495
2476
2290
1725
2814
1494
2475
2294
1717
2822
1494
2475
2298
1709
2829
1494
2475
2302
1702
2836
1494
2475
2306
1694
2843
1494
2475
2310
1686
2850
1494
2475
2314
1678
2857
1495
2475
2318
1671
2865
1494
2474
2321
1663
2872
1495
2475
2325
1656
2879
1495
2475
2330
1649
2886
1494
2475
2333
1643
2892
1495
2474
2338
1637
2899
1495
2475
2340
1630
2906
1495
2475
2344
1623
2914
1495
2475
2346
1616
2920
1495
2475
2349
1610
2927
1495
2475
2352
1605
2933
1494
2475
2354
1599
2939
1495
2475
2357
1594
2946
1495
2475
2360
1589
2952
1494
2476
2362
1584
2959
1494
2476
2364
1579
2965
1495
2476
2366
1575
2971
1494
2476
2369
1571
2978
1495
2477
2371
1567
2985
1494
2477
2373
1564
2991
1495
2478
2375
1561
2997
1495
2478
2377
1558
3003
1495
2478
2378
1555
3010
1495
2479
2380
1553
3016
1495
2481
2382
1552
3023
1495
2482
2383
1550
3029
1495
2483
2385
1549
3035
1495
2484
2386
1548
3040
1495
2485
2387
1547
3045
1495
2486
2389
1547
3051
1495
2488
2390
1547
3057
1494
2490
2391
1546
3061
1495
2492
2392
1546
3066
1495
2493
2392
1547
3071
1495
2496
2393
1547
3076
1495
2498
2394
1547
3080
1495
2500
2396
1547
3085
1495
2503
2396
1547
3089
1495
2506
2396
1548
3092
1495
2508
2397
1547
3096
1495
2511
2398
1548
3098
1495
2514
2398
1548
3101
1495
2517
2399
1548
3103
1495
2520
2399
1548
3106
1495
2523
2401
1548
3107
1495
2527
2402
1548
3109
1495
2530
2402
1548
3110
1495
2533
2402
1548
3112
1495
2536
2402
1548
3113
1495
2540
2403
1549
3114
1495
2543
2403
1549
3114
1495
2546
2403
1549
3115
1495
2549
2403
1550
3115
1495
2553
2403
1550
3116
1495
2555
2404
1551
3116
1495
2559
2404
1552
3116
1495
2563
2404
1552
3116
1495
2566
2404
1553
3116
1495
2569
2404
1554
3116
1495
2573
2404
1555
3116
1495
2576
2404
1556
3116
1495
2579
2404
1557
3117
1495
2583
2404
1558
3117
1495
2586
2404
1560
3117
1495
2589
2404
1560
3117
1495
2593
2404
1562
3117
1495
2597
2403
1563
3117
1495
2599
2403
1564
3116
1495
2603
2403
1565
3116
1495
2606
2402
1567
3116
1495
2609
2402
1568
3116
1495
2612
2402
1569
3116
1495
2615
2402
1571
3116
1495
2618
2402
1572
3115
1495
2621
2402
1573
3116
1495
2624
2401
1574
3116
1495
2627
2399
1576
3115
1495
2630
2399
1577
3115
1495
2632
2399
1578
3115
1495
2635
2398
1579
3115
1495
2637
2398
1580
3114
1495
2640
2397
1582
3114
1495
2642
2396
1583
3114
1495
2645
2396
1583
3113
1495
2647
2396
1585
3113
1495
2649
2395
1586
3112
1494
2651
2395
1587
3112
1495
2653
2394
1588
3111
1495
2655
2393
1589
3110
1495
2657
2393
1591
3110
1495
2659
2392
1592
3109
1495
2662
2391
1593
3108
1495
2663
2390
1594
3107
1495
2665
2390
1596
3106
1495
2667
2389
1597
3106
1495
2669
2389
1599
3105
1495
2671
2388
1600
3104
1495
2673
2387
1602
3103
1495
2674
2386
1603
3102
1495
2676
2385
1604
3100
1495
2677
2384
1606
3100
1495
2679
2383
1608
3098
1495
2681
2383
1610
3097
1495
2683
2382
1611
3096
1495
2685
2381
1614
3094
1495
2687
2381
1616
3093
1495
2689
2380
1618
3091
1495
2690
2379
1619
3089
1495
2692
2378
1622
3087
1495
2694
2377
1624
3086
1495
2696
2377
1626
3084
1495
2697
2376
1629
3082
1495
2699
2375
1633
3080
1495
2700
2374
1635
3078
1495
2702
2373
1638
3076
1495
2703
2372
1641
3074
1495
2705
2371
1644
3071
1495
2706
2370
1647
3068
1495
2708
2369
1650
3066
1495
2709
2368
1653
3064
1495
2711
2366
1657
3061
1495
2712
2364
1660
3058
1495
2714
2363
1664
3056
1495
2715
2362
1668
3053
1495
2717
2360
1671
3051
1495
2718
2359
1675
3048
1495
2719
2357
1679
3045
1495
2721
2355
1683
3042
1495
2722
2354
1688
3039
1495
2724
2352
1692
3036
1495
2725
2349
1697
3033
1495
2725
2348
1702
3030
1495
2727
2346
1707
3027
1495
2727
2343
1711
3024
1495
2728
2341
1717
3021
1495
2729
2338
1721
3018
1495
2731
2335
1727
3015
1495
2732
2332
1732
3010
1495
2732
2329
1737
3007
1495
2733
2326
1742
3003
1495
2734
2323
1748
2999
1495
2735
2319
1753
2995
1495
2735
2316
1759
2991
1495
2737
2312
1765
2987
1495
2737
2309
1770
2982
1495
2738
2304
1776
2978
1495
2739
2300
1783
2973
1495
2740
2296
1789
2968
1495
2741
2291
1796
2963
1494
2741
2286
1803
2958
1495
2742
2282
1810
2953
1495
2743
2277
1818
2947
1495
2744
2271
1825
2942
1495
2745
2267
1832
2937
1495
2746
2262
1840
2931
1495
2746
2258
1847
2925
1495
2747
2253
1855
2919
1495
2747
2248
1863
2914
1495
2747
2243
1871
2906
1495
2748
2238
1879
2900
1495
2748
2233
1887
2893
1494
2748
2228
1896
2886
1495
2748
2223
1905
2880
1495
2747
2218
1913
2873
1495
2747
2213
1922
2865
1495
2747
2207
1931
2857
1495
2746
2202
1940
2850
1495
2746
2196
1948
2842
1494
2745
2190
1957
2834
1494
2744
2185
1967
2824
1494
2743
2180
1975
2815
1494
2742
2174
1985
2807
1494
2740
2169
1994
2798
1495
2739
2164
2004
2789
1495
2737
2158
2013
2779
1495
2736
2152
2024
2770
1495
2733
2146
2033
2760
1494
2731
2140
2044
2750
1495
2729
2134
2054
2741
1494
2727
2128
2063
2730
1494
2725
2122
2074
2719
1495
2722
2115
2086
2709
1495
2720
2109
2096
2698
1494
2717
2103
2106
2687
1495
2714
2096
2117
2676
1495
2712
2090
2127
2665
1495
2709
2084
2138
2653
1494
2706
2077
2149
2642
1495
2704
2071
2160
2630
1495
2701
2064
2171
2619
1495
2698
2058
2183
2606
1494
2696
2052
2193
2595
1495
2693
2046
2204
2582
1495
2690
2039
2215
2570
1495
2686
2033
2226
2558
1494
2684
2026
2237
2545
1495
2681
2020
2248
2531
1495
2677
2013
2259
2519
1495
2674
2008
2270
2505
1495
2671
2002
2282
2491
1495
2668
1996
2293
2478
1495
2664
1990
2304
2465
1494
2661
1985
2315
2451
1495
2657
1979
2326
2436
1495
2654
1974
2338
2423
1495
2651
1969
2349
2408
1495
2648
1963
2361
2393
1495
2644
1958
2372
2379
1495
2641
1954
2383
2365
1495
2638
1947
2394
2351
1495
2635
1944
2405
2335
1495
2632
1940
2417
2320
1495
2629
1936
2427
2305
1495
2626
1932
2439
2290
1495
2623
1928
2450
2275
1495
2620
1925
2460
2259
1495
2617
1922
2471
2243
1495
2614
1920
2482
2228
1495
2612
1917
2492
2211
1495
2609
1915
2502
2196
1494
2606
1913
2512
2179
1495
2604
1911
2523
2163
1495
2601
1909
2532
2147
1495
2599
1908
2542
2131
1494
2597
1906
2551
2115
1495
2595
1906
2560
2099
1495
2591
1905
2570
2083
1494
2589
1904
2580
2066
1495
2587
1904
2589
2050
1495
2585
1903
2598
2035
1495
2583
1904
2608
2017
1495
2581
1904
2617
2002
1495
2579
1904
2626
1985
1495
2576
1904
2634
1969
1495
2575
1905
2643
1951
1495
2573
1906
2651
1936
1495
2571
1907
2658
1920
1494
2569
1907
2666
1905
1495
2567
1909
2674
1889
1495
2565
1910
2682
1873
1495
2563
1910
2689
1858
1495
2562
1912
2696
1842
1494
2559
1913
2703
1827
1495
2558
1915
2710
1811
1494
2555
1916
2716
1796
1495
2554
1918
2723
1781
1495
2552
1920
2728
1766
1494
2550
1923
2734
1751
1495
2548
1925
2739
1737
1495
2547
1927
2744
1724
1495
2546
1930
2749
1710
1495
2544
1932
2753
1696
1495
2542
1936
2757
1682
1494
2541
1939
2762
1668
1494
2539
1943
2765
1655
1495
2538
1947
2769
1642
1495
2536
1953
2771
1628
1495
2535
1957
2774
1615
1495
2533
1962
2777
1602
1495
2532
1967
2779
1590
1495
2531
1973
2781
1578
1495
2529
1978
2783
1565
1495
2528
1984
2785
1553
1495
2528
1990
2785
1542
1494
2527
1997
2786
1530
1495
2526
2003
2787
1519
1495
2525
2010
2788
1508
1495
2524
2017
2788
1499
1495
2524
2023
2788
1488
1495
2523
2029
2788
1478
1495
2523
2036
2789
1468
1495
2522
2043
2789
1458
1494
2522
2049
2789
1447
1495
2522
2057
2788
1438
1495
2521
2063
2788
1428
1495
2521
2070
2787
1418
1494
2520
2076
2788
1408
1495
2520
2083
2787
1399
1495
2519
2089
2787
1389
1494
2519
2095
2787
1380
1495
2518
2101
2786
1371
1495
2518
2107
2786
1362
1495
2518
2112
2785
1354
1494
2518
2118
2785
1345
1495
2518
2124
2784
1337
1494
2517
2129
2784
1329
1495
2517
2135
2783
1321
1495
2517
2139
2782
1313
1495
2517
2145
2782
1306
1495
2517
2150
2780
1299
1495
2517
2155
2779
1291
1494
2517
2160
2778
1285
1494
2517
2164
2777
1278
1494
2517
2168
2775
1272
1494
2518
2172
2773
1267
1495
2518
2176
2771
1262
1494
2518
2179
2770
1257
1495
2518
2182
2768
1253
1494
2519
2186
2766
1249
1494
2519
2188
2764
1246
1494
2520
2191
2763
1243
1494
2520
2194
2761
1241
1494
2520
2195
2758
1241
1495
2520
2197
2757
1240
1495
2521
2198
2755
1240
1494
2522
2198
2753
1241
1495
2522
2199
2751
1241
1494
2523
2199
2750
1242
1494
2523
2199
2748
1244
1495
2524
2199
2747
1246
1495
2525
2198
2745
1247
1494
2526
2198
2743
1250
1495
2526
2197
2742
1253
1494
2527
2197
2740
1256
1495
2527
2195
2738
1259
1494
2527
2195
2737
1262
1494
2528
2193
2735
1266
1495
2528
2191
2734
1271
1495
2528
2190
2732
1275
1494
2529
2188
2730
1279
1494
2529
2185
2728
1285
1494
2529
2183
2726
1289
1494
2530
2181
2724
1295
1494
2529
2178
2721
1300
1495
2530
2176
2719
1306
1494
2530
2173
2717
1312
1494
2530
2170
2714
1318
1494
2530
2167
2712
1325
1494
2530
2164
2709
1331
1495
2530
2161
2707
1339
1494
2530
2157
2704
1346
1494
2529
2154
2700
1354
1494
2530
2150
2698
1362
1494
2529
2146
2694
1371
1494
2529
2142
2691
1379
1494
2529
2139
2687
1388
1494
2529
2135
2684
1397
1495
2529
2131
2680
1407
1495
2528
2127
2676
1417
1494
2528
2123
2672
1427
1494
2528
2119
2668
1437
1494
2528
2115
2664
1447
1494
2527
2111
2660
1459
1494
2528
2107
2656
1470
1494
2528
2103
2652
1481
1494
2528
2099
2648
1493
1495
2528
2095
2644
1504
1494
2529
2091
2639
1516
1494
2529
2088
2634
1527
1494
2529
2084
2630
1540
1494
2529
2081
2624
1552
1494
2529
2077
2620
1565
1494
2529
2073
2614
1578
1495
2530
2069
2609
1591
1495
2529
2066
2604
1603
1494
2529
2062
2598
1616
1494
2530
2059
2592
1629
1494
2530
2055
2587
1642
1494
2530
2051
2581
1654
1495
2530
2048
2574
1667
1494
2530
2044
2568
1680
1495
2531
2040
2561
1692
1494
2531
2036
2555
1705
1494
2530
2033
2548
1717
1495
2531
2030
2542
1730
1494
2531
2026
2534
1743
1494
2531
2023
2527
1755
1494
2532
2019
2519
1767
1494
2532
2016
2511
1779
1495
2532
2014
2503
1792
1494
2532
2011
2494
1804
1494
2531
2008
2486
1816
1495
2531
2006
2477
1829
1494
2530
2003
2468
1841
1494
2530
2001
2460
1853
1494
2530
1998
2450
1865
1495
2529
1996
2441
1876
1494
2529
1994
2433
1888
1494
2528
1992
2424
1900
1495
2528
1991
2414
1912
1494
2527
1989
2405
1923
1494
2527
1988
2396
1935
1494
2526
1987
2387
1946
1494
2526
1985
2378
1959
1495
2525
1983
2369
1970
1495
2524
1982
2360
1982
1494
2523
1981
2351
1993
1494
2522
1979
2342
2006
1495
2521
1979
2332
2016
1494
2519
1977
2323
2028
1495
2519
1975
2314
2040
1495
2518
1974
2305
2051
1495
2517
1974
2296
2062
1495
2516
1972
2288
2072
1494
2515
1971
2279
2084
1494
2514
1970
2269
2094
1495
2513
1969
2260
2105
1494
2513
1967
2251
2116
1495
2513
1966
2243
2126
1494
2513
1964
2234
2135
1494
2513
1963
2226
2144
1495
2512
1962
2217
2154
1494
2511
1960
2208
2164
1494
2511
1958
2199
2173
1494
2511
1957
2191
2183
1495
2511
1955
2183
2193
1494
2511
1954
2175
2202
1495
2511
1953
2167
2210
1495
2511
1950
2158
2220
1494
2512
1949
2150
2229
1495
2513
1947
2141
2238
1494
2513
1946
2133
2247
1495
2514
1944
2125
2254
1495
2514
1942
2117
2262
1495
2515
1941
2109
2271
1495
2516
1939
2101
2279
1495
2517
1937
2094
2286
1495
2519
1936
2085
2293
1495
2520
1934
2077
2301
1495
2521
1933
2069
2307
1495
2523
1931
2061
2314
1495
2524
1931
2054
2320
1494
2525
1930
2047
2327
1495
2527
1928
2039
2332
1495
2528
1927
2032
2339
1495
2530
1926
2025
2345
1495
2532
1925
2017
2350
1495
2533
1924
2009
2355
1495
2534
1924
2002
2360
1495
2536
1923
1994
2365
1494
2538
1923
1987
2369
1495
2540
1922
1979
2374
1494
2541
1922
1972
2378
1495
2543
1922
1965
2382
1494
2545
1922
1957
2386
1495
2547
1922
1949
2389
1494
2549
1922
1942
2393
1495
2551
1922
1935
2396
1495
2554
1922
1927
2399
1494
2556
1922
1920
2403
1495
2558
1922
1912
2406
1495
2561
1922
1905
2409
1495
2563
1923
1897
2412
1494
2565
1923
1890
2414
1495
2568
1924
1882
2417
1495
2570
1924
1875
2419
1496
2573
1924
1867
2421
1497
2576
1925
1859
2424
1496
2578
1925
1852
2426
1496
2581
1925
1845
2428
1497
2584
1925
1838
2430
1497
2587
1926
1831
2431
1497
2590
1925
1823
2433
1497
2595
1925
1815
2435
1497
2597
1925
1808
2436
1497
2600
1924
1801
2438
1497
2603
1925
1794
2439
1497
2606
1925
1786
2440
1497
2608
1924
1779
2442
1497
2610
1924
1771
2445
1497
2612
1925
1764
2447
1497
2613
1925
1757
2448
1497
2615
1925
1752
2449
1497
2617
1925
1745
2451
1497
2618
1925
1739
2452
1497
2620
1924
1733
2454
1497
2620
1925
1726
2454
1497
2622
1925
1720
2456
1497
2623
1924
1713
2458
1497
2624
1924
1707
2459
1497
2624
1924
1701
2461
1497
2625
1925
1695
2463
1497
2626
1924
1690
2465
1497
2627
1925
1684
2467
1497
2629
1925
1679
2468
1497
2629
1925
1673
2470
1497
2630
1926
1668
2472
1497
2631
1926
1663
2474
1497
2632
1927
1658
2476
1497
2632
1927
1653
2478
1497
2633
1927
1648
2479
1497
2634
1927
1644
2481
1497
2636
1927
1640
2483
1497
2637
1928
1635
2484
1497
2638
1928
1630
2486
1497
2639
1928
1625
2488
1497
2641
1928
1620
2489
1497
2643
1929
1615
2491
1497
2645
1928
1611
2492
1497
2647
1928
1608
2494
1497
2649
1929
1604
2496
1497
2651
1929
1600
2497
1497
2653
1929
1596
2498
1497
2655
1928
1591
2499
1497
2657
1927
1586
2501
1497
2659
1926
1583
2503
1497
2661
1926
1579
2504
1497
2663
1927
1575
2505
1497
2665
1926
1572
2507
1497
2666
1926
1569
2508
1497
2667
1926
1566
2510
1497
2668
1925
1564
2511
1497
2670
1924
1561
2514
1497
2672
1924
1559
2515
1497
2672
1924
1556
2517
1497
2674
1923
1553
2518
1497
2675
1922
1550
2520
1497
2676
1922
1548
2521
1497
2676
1920
1546
2523
1497
2677
1919
1543
2525
1497
2678
1918
1541
2527
1497
2679
1917
1539
2529
1497
2680
1915
1537
2531
1497
2681
1914
1535
2533
1497
2682
1912
1535
2535
1497
2683
1911
1534
2538
1497
2683
1910
1533
2540
1497
2684
1909
1533
2545
1497
2684
1907
1534
2547
1497
2685
1905
1534
2550
1497
2685
1904
1535
2554
1497
2686
1902
1535
2557
1497
2687
1900
1536
2561
1497
2688
1898
1537
2563
1497
2688
1896
1538
2568
1498
2689
1893
1539
2571
1497
2690
1891
1540
2575
1497
2690
1889
1541
2579
1498
2691
1885
1543
2583
1497
2693
1882
1545
2587
1497
2694
1879
1546
2591
1497
2695
1876
1548
2597
1497
2696
1873
1550
2601
1497
2697
1870
1553
2606
1497
2699
1867
1555
2610
1497
2700
1864
1558
2615
1497
2701
1861
1561
2619
1498
2703
1858
1563
2624
1497
2704
1854
1567
2628
1497
2706
1851
1570
2633
1497
2707
1848
1573
2638
1497
2708
1845
1576
2643
1498
2711
1841
1580
2647
1497
2712
1837
1584
2650
1497
2714
1833
1588
2654
1497
2716
1829
1592
2657
1497
2718
1826
1595
2661
1498
2719
1823
1599
2665
1497
2721
1819
1603
2668
1497
2723
1816
1606
2671
1497
2725
1812
1610
2675
1497
2726
1807
1614
2679
1497
2728
1803
1618
2681
1498
2730
1800
1621
2685
1498
2731
1796
1625
2687
1498
2732
1792
1628
2690
1498
2734
1788
1633
2692
1497
2736
1785
1637
2694
1497
2737
1780
1641
2695
1497
2739
1776
1644
2697
1498
2740
1773
1648
2698
1497
2742
1769
1651
2699
1497
2743
1767
1654
2698
1498
2745
1763
1657
2699
1497
2746
1760
1660
2699
1497
2746
1757
1662
2698
1497
2747
1754
1664
2697
1497
2748
1752
1666
2697
1497
2749
1750
1669
2696
1497
2750
1749
1671
2695
1497
2751
1747
1673
2694
1497
2751
1746
1674
2692
1497
2751
1746
1676
2691
1497
2752
1745
1678
2689
1497
2752
1745
1679
2686
1497
2753
1745
1680
2685
1497
2753
1745
1680
2682
1497
2753
1745
1680
2679
1497
2752
1745
1680
2676
1497
2753
1745
1679
2673
1497
2753
1745
1680
2669
1497
2753
1745
1679
2665
1497
2753
1746
1678
2662
1497
2752
1746
1678
2658
1497
2752
1747
1677
2654
1497
2752
1748
1676
2650
1497
2751
1749
1675
2646
1497
2752
1751
1675
2642
1497
2751
1752
1674
2636
1497
2751
1754
1673
2632
1497
2751
1757
1672
2627
1497
2750
1759
1671
2621
1497
2750
1761
1670
2617
1497
2750
1764
1669
2611
1497
2749
1767
1668
2606
1497
2749
1770
1667
2600
1497
2749
1774
1665
2594
1497
2748
1777
1664
2587
1497
2748
1780
1662
2582
1497
2747
1784
1661
2576
1497
2747
1787
1659
2570
1497
2746
1790
1657
2564
1497
2746
1794
1655
2558
1497
2744
1797
1653
2553
1497
2744
1801
1651
2547
1497
2743
1804
1649
2540
1497
2742
1809
1647
2534
1497
2741
1813
1645
2528
1497
2740
1816
1643
2523
1497
2739
1820
1641
2517
1497
2737
1824
1639
2511
1497
2737
1828
1636
2506
1497
2736
1832
1635
2501
1497
2734
1836
1631
2497
1497
2733
1841
1629
2492
1497
2732
1845
1627
2487
1497
2731
1849
1625
2482
1496
2730
1854
1623
2478
1497
2729
1857
1621
2473
1497
2728
1861
1619
2469
1497
2728
1865
1617
2465
1497
2727
1869
1615
2460
1497
2727
1873
1613
2457
1497
2726
1877
1611
2453
1497
2725
1881
1609
2450
1497
2724
1885
1608
2447
1497
2724
1889
1606
2445
1497
2722
1892
1604
2443
1497
2721
1896
1602
2440
1497
2721
1900
1601
2439
1497
2720
1903
1599
2437
1497
2720
1906
1597
2435
1497
2719
1910
1596
2434
1497
2718
1914
1594
2433
1497
2718
1917
1593
2431
1497
2717
1920
1591
2430
1497
2718
1923
1590
2429
1497
2717
1925
1588
2429
1497
2717
1928
1587
2428
1497
2716
1931
1585
2428
1497
2716
1934
1585
2428
1497
2716
1936
1583
2428
1497
2715
1939
1582
2428
1497
2715
1940
1581
2428
1497
2715
1942
1580
2428
1497
2715
1944
1579
2429
1497
2715
1946
1579
2429
1497
2715
1947
1579
2429
1497
2715
1948
1578
2430
1497
2716
1949
1578
2431
1497
2716
1949
1577
2432
1497
2716
1949
1576
2432
1497
2716
1949
1576
2433
1497
2716
1949
1576
2434
1497
2716
1949
1576
2435
1497
2716
1949
1576
2436
1497
2716
1949
1576
2438
1497
2717
1949
1577
2439
1497
2717
1948
1577
2441
1497
2718
1947
1578
2443
1497
2718
1947
1579
2445
1497
2718
1946
1579
2447
1497
2718
1945
1580
2448
1497
2718
1944
1581
2451
1497
2719
1942
1582
2453
1497
2719
1941
1582
2456
1497
2720
1939
1583
2458
1497
2721
1937
1584
2461
1497
2722
1935
1586
2465
1497
2722
1932
1587
2468
1497
2724
1930
1588
2471
1497
2725
1927
1589
2474
1497
2726
1924
1591
2477
1497
2726
1921
1593
2480
1497
2727
1918
1595
2483
1497
2728
1915
1596
2488
1497
2729
1911
1599
2491
1497
2730
1908
1601
2495
1497
2730
1904
1604
2498
1497
2731
1901
1606
2503
1497
2732
1897
1609
2506
1497
2732
1893
1612
2511
1497
2733
1889
1615
2516
1497
2734
1885
1618
2520
1497
2734
1881
1622
2525
1497
2735
1876
1625
2529
1497
2735
1871
1629
2534
1497
2736
1866
1634
2538
1497
2736
1861
1638
2543
1497
2737
1857
1642
2548
1497
2737
1852
1647
2553
1497
2738
1846
1651
2557
1497
2739
1841
1656
2561
1497
2739
1835
1661
2565
1497
2740
1831
1666
2568
1497
2741
1825
1671
2570
1497
2742
1821
1676
2574
1497
2743
1816
1681
2577
1497
2745
1812
1687
2580
1497
2746
1806
1692
2583
1497
2747
1802
1697
2585
1497
2748
1797
1703
2588
1498
2750
1794
1707
2590
1498
2751
1790
1712
2591
1497
2752
1786
1717
2593
1497
2754
1782
1722
2593
1498
2755
1778
1727
2593
1497
2757
1774
1733
2593
1497
2758
1771
1737
2593
1497
2760
1768
1742
2591
1497
2762
1764
1747
2590
1497
2764
1761
1752
2589
1498
2765
1759
1757
2588
1497
2766
1756
1762
2587
1498
2768
1753
1767
2585
1497
2769
1751
1772
2584
1498
2770
1748
1777
2583
1497
2771
1746
1782
2581
1498
2772
1743
1788
2579
1498
2772
1741
1793
2578
1498
2774
1738
1798
2576
1498
2774
1736
1803
2573
1498
2775
1734
1808
2571
1498
2775
1732
1813
2568
1498
2775
1730
1817
2566
1498
2775
1729
1821
2563
1498
2775
1727
1826
2561
1498
2775
1726
1830
2558
1498
2775
1725
1835
2555
1497
2775
1724
1840
2551
1498
2775
1723
1844
2548
1498
2775
1722
1847
2543
1497
2774
1722
1850
2540
1498
2774
1722
1854
2536
1498
2774
1722
1858
2531
1498
2773
1722
1861
2527
1498
2773
1724
1864
2522
1498
2773
1724
1867
2518
1498
2772
1725
1869
2513
1497
2772
1726
1871
2506
1498
2771
1727
1873
2501
1498
2771
1729
1875
2496
1497
2770
1731
1876
2490
1497
2769
1732
1877
2484
1498
2769
1735
1878
2478
1497
2768
1738
1878
2472
1498
2768
1740
1878
2466
1498
2767
1744
1879
2459
1498
2767
1747
1879
2453
1498
2766
1751
1879
2446
1498
2766
1755
1879
2440
1498
2766
1760
1878
2433
1497
2765
1763
1878
2427
1497
2765
1768
1877
2419
1497
2765
1773
1877
2413
1498
2764
1778
1876
2406
1498
2764
1782
1876
2398
1498
2764
1788
1875
2392
1497
2763
1792
1874
2385
1498
2763
1797
1873
2379
1497
2763
1802
1873
2372
1498
2763
1806
1871
2365
1498
2762
1812
1870
2358
1498
2762
1817
1869
2352
1497
2762
1821
1868
2345
1497
2761
1825
1867
2339
1498
2761
1830
1865
2331
1497
2760
1834
1864
2324
1497
2760
1838
1863
2318
1498
2760
1844
1862
2313
1498
2759
1848
1860
2308
1498
2759
1852
1859
2303
1498
2758
1856
1857
2297
1498
2758
1861
1856
2291
1498
2757
1864
1855
2286
1498
2756
1868
1854
2281
1498
2756
1871
1853
2276
1498
2756
1875
1852
2271
1498
2755
1878
1852
2267
1498
2754
1881
1852
2264
1498
2754
1884
1851
2261
1498
2754
1887
1850
2258
1498
2754
1889
1850
2255
1498
2755
1891
1848
2253
1498
2755
1893
1848
2251
1498
2755
1895
1848
2250
1498
2755
1896
1848
2248
1498
2755
1897
1848
2248
1498
2756
1898
1848
2248
1499
2755
1898
1849
2248
1499
2755
1898
1849
2248
1498
2755
1898
1850
2248
1499
2755
1897
1851
2249
1499
2756
1896
1852
2250
1499
2755
1896
1852
2251
1499
2756
1895
1854
2251
1499
2756
1894
1855
2253
1499
2756
1893
1857
2255
1499
2756
1892
1858
2256
1499
2756
1890
1860
2258
1500
2757
1889
1862
2260
1500
2757
1887
1864
2261
1500
2757
1885
1866
2264
1500
2757
1882
1868
2266
1500
2758
1880
1870
2267
1501
2758
1878
1872
2269
1501
2759
1874
1875
2273
1501
2759
1871
1877
2275
1501
2759
1868
1881
2278
1502
2760
1863
1884
2280
1503
2760
1860
1887
2283
1503
2760
1855
1891
2286
1504
2761
1851
1895
2289
1504
2762
1847
1899
2292
1504
2762
1842
1903
2295
1505
2763
1836
1908
2298
1505
2764
1831
1912
2301
1506
2765
1827
1917
2304
1507
2765
1822
1922
2306
1508
2766
1817
1927
2309
1509
2768
1812
1932
2312
1510
2768
1806
1937
2314
1511
2769
1800
1942
2317
1512
2770
1795
1948
2320
1513
2771
1789
1953
2322
1514
2771
1782
1959
2325
1516
2773
1777
1965
2327
1517
2773
1771
1971
2329
1518
2775
1764
1977
2331
1519
2775
1758
1983
2333
1521
2776
1751
1989
2335
1522
2778
1744
1996
2337
1523
2779
1738
2003
2339
1525
2780
1731
2010
2340
1526
2780
1724
2018
2341
1528
2782
1717
2025
2342
1530
2782
1711
2033
2343
1531
2784
1704
2040
2344
1533
2785
1698
2047
2345
1535
2786
1691
2055
2346
1536
2787
1684
2063
2345
1538
2788
1677
2070
2345
1539
2789
1670
2078
2345
1541
2790
1664
2087
2345
1543
2791
1657
2094
2344
1545
2791
1650
2102
2344
1546
2792
1644
2110
2343
1549
2792
1636
2118
2343
1551
2792
1629
2125
2342
1552
2793
1623
2133
2341
1555
2793
1616
2140
2340
1557
2793
1610
2148
2339
1559
2793
1604
2156
2338
1562
2793
1598
2163
2335
1564
2793
1592
2170
2333
1566
2793
1587
2178
2332
1570
2792
1581
2185
2330
1572
2792
1575
2192
2328
1575
2792
1570
2199
2326
1578
2792
1565
2206
2323
1581
2793
1560
2212
2321
1583
2793
1555
2219
2318
1587
2793
1549
2225
2315
1589
2794
1545
2231
2312
1592
2794
1540
2237
2309
1596
2795
1536
2243
2306
1599
2794
1532
2250
2304
1602
2794
1528
2256
2300
1606
2795
1524
2261
2296
1609
2795
1521
2267
2294
1612
2795
1518
2271
2290
1616
2795
1515
2277
2286
1619
2796
1513
2282
2283
1623
2796
1511
2287
2279
1626
2796
1509
2291
2275
1630
2796
1507
2295
2270
1636
2796
1504
2298
2267
1639
2796
1503
2301
2264
1644
2797
1501
2305
2259
1647
2796
1499
2307
2256
1652
2796
1498
2309
2254
1656
2796
1497
2311
2251
1660
2796
1496
2312
2248
1665
2796
1495
2314
2245
1668
2796
1495
2314
2242
1673
2796
1495
2315
2240
1678
2796
1495
2316
2237
1682
2796
1495
2317
2235
1687
2797
1496
2317
2234
1691
2796
1496
2318
2232
1695
2796
1497
2318
2232
1701
2797
1497
2318
2230
1705
2797
1498
2318
2231
1710
2797
1499
2317
2231
1714
2797
1501
2317
2231
1718
2796
1503
2316
2232
1723
2796
1505
2314
2232
1727
2795
1507
2313
2232
1731
2794
1509
2311
2232
1736
2795
1511
2309
2233
1740
2794
1515
2306
2234
1744
2794
1518
2303
2235
1749
2794
1520
2299
2236
1753
2794
1523
2296
2237
1757
2794
1526
2292
2239
1760
2794
1530
2288
2240
1765
2795
1533
2284
2242
1768
2795
1536
2279
2244
1772
2795
1540
2274
2246
1776
2795
1544
2268
2248
1780
2796
1547
2262
2250
1783
2796
1551
2256
2252
1787
2797
1556
2250
2255
1791
2797
1560
2243
2257
1795
2797
1564
2237
2260
1798
2797
1569
2229
2263
1801
2797
1573
2222
2267
1805
2796
1579
2214
2270
1808
2796
1584
2207
2275
1812
2796
1589
2199
2278
1815
2796
1595
2190
2282
1818
2796
1601
2183
2287
1821
2796
1607
2174
2291
1824
2796
1613
2165
2295
1827
2796
1619
2156
2300
1830
2796
1625
2147
2305
1833
2796
1631
2136
2309
1836
2796
1638
2126
2314
1838
2796
1645
2115
2320
1840
2796
1651
2105
2325
1843
2795
1657
2095
2330
1844
2795
1663
2084
2337
1847
2795
1669
2072
2342
1848
2795
1675
2061
2347
1850
2795
1682
2049
2353
1852
2795
1689
2037
2359
1854
2795
1696
2025
2365
1856
2795
1703
2012
2371
1857
2795
1710
2000
2376
1859
2794
1718
1988
2383
1860
2794
1726
1976
2389
1861
2794
1734
1962
2395
1862
2793
1741
1949
2402
1863
2793
1750
1937
2408
1864
2793
1757
1924
2414
1865
2792
1765
1911
2421
1865
2792
1774
1898
2427
1865
2792
1781
1885
2435
1865
2792
1789
1871
2441
1866
2792
1797
1858
2447
1866
2792
1805
1846
2454
1866
2792
1814
1831
2460
1866
2793
1822
1818
2469
1866
2793
1830
1805
2475
1865
2793
1838
1791
2482
1865
2792
1846
1778
2488
1865
2792
1854
1764
2496
1866
2791
1862
1752
2502
1866
2791
1870
1740
2509
1865
2791
1878
1726
2516
1865
2791
1885
1713
2524
1865
2791
1893
1700
2530
1866
2791
1900
1688
2537
1865
2791
1908
1674
2545
1865
2791
1915
1663
2552
1865
2791
1923
1651
2558
1865
2791
1930
1639
2565
1865
2791
1936
1627
2571
1865
2791
1943
1615
2578
1865
2791
1950
1604
2584
1865
2790
1958
1592
2591
1865
2791
1964
1581
2598
1865
2790
1970
1569
2603
1865
2790
1976
1558
2609
1865
2790
1983
1548
2614
1865
2789
1989
1537
2620
1865
2789
1995
1526
2626
1865
2788
2001
1516
2632
1865
2788
2007
1505
2637
1865
2786
2013
1495
2644
1864
2785
2019
1486
2649
1865
2784
2025
1475
2654
1865
2783
2030
1466
2659
1864
2781
2036
1456
2664
1865
2780
2042
1447
2669
1864
2778
2047
1437
2674
1864
2776
2052
1428
2679
1865
2774
2058
1419
2684
1864
2772
2064
1411
2688
1864
2769
2069
1403
2692
1864
2767
2074
1394
2697
1864
2764
2079
1386
2701
1864
2761
2084
1378
2707
1864
2758
2089
1371
2712
1864
2755
2094
1363
2717
1863
2752
2099
1356
2722
1863
2750
2103
1349
2726
1863
2747
2107
1342
2730
1862
2744
2110
1335
2734
1862
2742
2114
1328
2739
1862
2740
2118
1322
2743
1861
2737
2122
1316
2747
1860
2736
2125
1308
2750
1860
2734
2129
1302
2755
1859
2732
2131
1297
2759
1859
2730
2134
1290
2763
1858
2729
2137
1284
2768
1857
2727
2139
1279
2772
1857
2726
2141
1273
2777
1857
2725
2143
1268
2781
1856
2725
2146
1262
2786
1856
2725
2148
1257
2790
1855
2724
2150
1252
2794
1855
2724
2152
1247
2799
1855
2724
2153
1243
2803
1854
2724
2155
1238
2807
1853
2724
2157
1234
2812
1853
2724
2159
1229
2816
1852
2724
2160
1225
2821
1852
2724
2161
1221
2826
1851
2724
2162
1217
2830
1851
2724
2163
1214
2835
1851
2724
2164
1210
2840
1851
2724
2165
1207
2845
1851
2725
2166
1204
2849
1852
2725
2166
1201
2854
1852
2725
2166
1200
2859
1852
2725
2167
1197
2866
1852
2725
2166
1195
2871
1853
2726
2167
1192
2876
1853
2726
2167
1190
2881
1853
2726
2168
1188
2886
1853
2727
2168
1187
2890
1853
2728
2168
1184
2894
1854
2728
2168
1182
2899
1855
2729
2168
1180
2902
1855
2730
2168
1178
2906
1855
2730
2168
1176
2911
1855
2731
2168
1174
2915
1856
2732
2168
1172
2920
1857
2732
2168
1171
2923
1857
2732
2168
1168
2927
1858
2733
2168
1167
2931
1859
2733
2167
1165
2934
1859
2733
2168
1164
2937
1860
2734
2167
1162
2941
1861
2734
2167
1160
2944
1862
2734
2167
1159
2948
1864
2734
2167
1157
2951
1865
2735
2167
1155
2954
1866
2735
2167
1153
2958
1868
2735
2166
1151
2960
1869
2735
2166
1150
2964
1870
2735
2166
1148
2967
1872
2735
2166
1146
2970
1873
2736
2166
1145
2973
1874
2736
2166
1143
2975
1876
2736
2166
1141
2978
1878
2737
2166
1140
2980
1880
2737
2165
1138
2983
1881
2737
2165
1136
2986
1883
2738
2165
1135
2988
1885
2739
2165
1133
2991
1886
2739
2164
1132
2994
1890
2740
2164
1131
2996
1891
2741
2164
1130
2999
1894
2741
2163
1128
3002
1896
2742
2163
1127
3004
1898
2743
2163
1126
3007
1901
2743
2163
1124
3009
1904
2744
2163
1123
3012
1906
2744
2163
1121
3014
1910
2745
2162
1120
3017
1913
2746
2162
1120
3019
1916
2746
2162
1119
3022
1918
2747
2162
1118
3024
1922
2748
2161
1117
3027
1925
2748
2161
1115
3029
1929
2749
2160
1114
3032
1932
2749
2160
1113
3035
1936
2750
2160
1112
3038
1940
2750
2160
1111
3040
1944
2751
2160
1110
3043
1948
2751
2160
1109
3046
1952
2752
2160
1108
3048
1956
2753
2159
1106
3051
1960
2753
2159
1105
3052
1965
2753
2159
1104
3055
1969
2754
2159
1103
3057
1974
2754
2158
1102
3059
1979
2755
2158
1101
3061
1984
2756
2158
1099
3063
1989
2756
2159
1098
3065
1994
2757
2159
1097
3067
1999
2758
2159
1096
3069
2004
2759
2159
1094
3071
2010
2759
2159
1093
3072
2017
2760
2159
1092
3074
2022
2761
2159
1091
3076
2027
2761
2159
1090
3077
2032
2762
2159
1088
3078
2038
2763
2159
1086
3079
2044
2764
2160
1085
3080
2050
2765
2160
1084
3081
2055
2766
2160
1082
3083
2061
2766
2160
1081
3084
2067
2767
2160
1080
3086
2072
2767
2160
1078
3087
2077
2768
2161
1077
3088
2082
2768
2161
1076
3089
2087
2768
2161
1074
3090
2090
2769
2161
1073
3092
2096
2769
2162
1072
3092
2100
2770
2162
1071
3093
2104
2770
2162
1070
3093
2109
2770
2162
1069
3095
2112
2770
2162
1068
3095
2115
2771
2162
1067
3096
2117
2770
2162
1066
3097
2121
2770
2162
1065
3097
2124
2771
2162
1064
3098
2125
2771
2163
1063
3099
2127
2771
2163
1062
3100
2128
2771
2163
1062
3100
2129
2771
2163
1061
3100
2130
2772
2164
1061
3101
2130
2772
2164
1060
3101
2130
2772
2165
1059
3101
2130
2772
2165
1059
3102
2130
2771
2165
1058
3102
2129
2771
2165
1058
3102
2129
2771
2166
1057
3103
2129
2770
2166
1057
3102
2128
2770
2167
1057
3103
2127
2770
2167
1056
3103
2126
2769
2167
1056
3102
2124
2768
2168
1056
3103
2124
2768
2168
1056
3103
2123
2768
2168
1056
3102
2121
2767
2169
1056
3102
2119
2767
2168
1055
3103
2118
2766
2170
1055
3103
2116
2765
2169
1054
3102
2114
2765
2170
1054
3102
2113
2764
2170
1054
3102
2111
2764
2170
1053
3101
2109
2763
2171
1053
3100
2107
2762
2171
1053
3100
2105
2761
2171
1052
3099
2103
2762
2172
1051
3098
2101
2762
2171
1051
3097
2098
2761
2172
1050
3097
2096
2761
2172
1049
3095
2093
2760
2173
1048
3094
2090
2759
2173
1048
3093
2087
2759
2173
1047
3093
2084
2759
2174
1046
3091
2079
2758
2174
1045
3091
2076
2758
2175
1044
3090
2072
2758
2175
1043
3089
2068
2757
2176
1042
3088
2064
2757
2176
1042
3087
2059
2757
2177
1041
3086
2054
2756
2177
1040
3086
2049
2756
2178
1040
3085
2044
2756
2178
1038
3083
2038
2755
2179
1038
3082
2033
2755
2179
1037
3082
2027
2755
2180
1037
3080
2021
2754
2180
1036
3080
2013
2753
2180
1036
3079
2006
2752
2181
1035
3079
1999
2751
2181
1035
3078
1992
2750
2182
1034
3078
1984
2749
2182
1033
3077
1977
2747
2183
1033
3077
1968
2746
2183
1033
3076
1960
2745
2184
1032
3076
1952
2743
2185
1032
3075
1943
2742
2186
1031
3075
1934
2741
2186
1031
3074
1924
2740
2187
1031
3074
1915
2739
2187
1030
3074
1904
2738
2188
1030
3073
1894
2737
2188
1029
3072
1883
2737
2188
1029
3072
1873
2736
2189
1028
3072
1862
2736
2190
1028
3072
1851
2735
2190
1027
3071
1840
2735
2190
1027
3071
1830
2734
2191
1025
3070
1819
2734
2191
1025
3070
1808
2734
2192
1024
3069
1797
2733
2192
1024
3068
1786
2733
2193
1023
3068
1775
2733
2193
1023
3067
1763
2733
2193
1022
3067
1752
2733
2194
1022
3066
1741
2733
2195
1021
3066
1730
2733
2195
1020
3065
1717
2733
2195
1020
3065
1705
2734
2196
1019
3065
1693
2734
2197
1019
3064
1681
2734
2197
1018
3063
1668
2734
2198
1018
3063
1656
2734
2198
1017
3062
1644
2734
2198
1017
3061
1631
2734
2199
1016
3060
1619
2735
2200
1015
3060
1606
2735
2200
1015
3059
1594
2736
2201
1014
3058
1582
2736
2201
1014
3057
1569
2736
2202
1013
3057
1556
2737
2202
1012
3055
1544
2737
2203
1012
3055
1531
2738
2203
1011
3054
1519
2738
2204
1010
3053
1507
2739
2205
1010
3053
1495
2739
2206
1008
3052
1483
2739
2206
1008
3052
1471
2738
2206
1007
3051
1459
2739
2207
1007
3051
1447
2738
2207
1006
3051
1435
2738
2207
1005
3050
1423
2739
2209
1005
3051
1411
2738
2209
1003
3051
1400
2738
2209
1003
3051
1388
2738
2210
1002
3051
1377
2737
2210
1002
3051
1364
2737
2210
1001
3051
1353
2737
2210
1001
3051
1342
2737
2210
1001
3051
1331
2737
2210
1001
3052
1320
2736
2211
1001
3052
1311
2737
2211
1001
3053
1301
2737
2211
1001
3054
1292
2737
2211
1001
3054
1283
2737
2211
1000
3055
1274
2738
2211
1000
3055
1265
2739
2210
1000
3056
1255
2739
2211
1000
3057
1246
2740
2211
1000
3058
1238
2739
2211
1000
3059
1229
2740
2211
1000
3060
1221
2740
2211
999
3061
1214
2740
2211
999
3062
1206
2741
2211
998
3063
1199
2741
2211
998
3064
1192
2742
2211
998
3066
1186
2742
2211
999
3067
1181
2742
2211
998
3068
1175
2743
2211
998
3070
1170
2744
2211
998
3071
1166
2745
2211
999
3072
1162
2746
2211
998
3073
1158
2747
2211
998
3074
1155
2747
2211
998
3076
1153
2748
2211
998
3077
1151
2749
2211
998
3079
1149
2750
2210
998
3080
1149
2751
2210
998
3081
1148
2752
2210
998
3082
1149
2753
2209
998
3084
1149
2753
2209
997
3085
1150
2754
2209
997
3086
1150
2754
2209
997
3087
1150
2755
2207
996
3088
1152
2755
2207
996
3089
1152
2756
2207
995
3091
1153
2756
2206
995
3092
1154
2756
2206
994
3093
1155
2756
2206
994
3095
1157
2756
2205
993
3095
1158
2756
2205
992
3097
1159
2757
2204
992
3098
1159
2757
2204
991
3099
1161
2757
2204
990
3100
1162
2757
2204
990
3101
1162
2757
2204
989
3103
1163
2757
2204
987
3104
1164
2757
2203
987
3105
1165
2756
2204
986
3107
1166
2757
2203
984
3108
1167
2757
2203
983
3109
1168
2756
2203
982
3111
1169
2756
2203
980
3112
1170
2756
2203
979
3114
1171
2756
2203
978
3115
1172
2756
2203
976
3116
1172
2756
2203
975
3117
1173
2756
2203
973
3119
1174
2756
2203
972
3121
1175
2756
2203
970
3122
1176
2756
2203
968
3123
1177
2756
2203
966
3124
1178
2756
2203
965
3125
1178
2756
2203
962
3127
1179
2756
2203
960
3128
1180
2756
2203
958
3129
1181
2756
2204
957
3130
1182
2756
2204
955
3132
1183
2756
2204
953
3133
1183
2756
2204
950
3135
1184
2755
2204
949
3136
1184
2756
2204
946
3139
1184
2756
2204
945
3141
1185
2755
2205
943
3143
1186
2755
2205
940
3145
1187
2755
2205
938
3148
1188
2755
2205
936
3151
1188
2755
2206
934
3154
1189
2755
2206
932
3157
1190
2755
2205
930
3160
1191
2755
2206
928
3163
1192
2755
2206
926
3166
1192
2755
2206
924
3170
1194
2755
2206
922
3173
1194
2754
2207
919
3177
1195
2754
2206
917
3180
1196
2755
2206
915
3184
1197
2755
2207
912
3188
1198
2755
2207
910
3192
1199
2755
2207
907
3196
1200
2755
2209
905
3199
1201
2755
2209
902
3204
1201
2755
2210
900
3207
1203
2755
2210
897
3212
1203
2755
2210
894
3216
1205
2755
2211
891
3220
1206
2755
2212
888
3224
1206
2756
2212
885
3228
1208
2756
2213
881
3231
1208
2756
2214
878
3236
1209
2756
2215
875
3240
1211
2756
2216
871
3244
1212
2757
2217
867
3248
1213
2757
2218
864
3252
1214
2757
2219
860
3255
1215
2757
2220
855
3260
1217
2757
2221
851
3263
1218
2757
2223
847
3267
1220
2757
2224
843
3271
1221
2757
2225
838
3274
1222
2757
2226
833
3278
1223
2757
2228
828
3282
1224
2757
2229
824
3285
1227
2757
2231
818
3290
1228
2757
2232
813
3293
1229
2757
2234
807
3296
1231
2757
2236
802
3300
1233
2757
2238
796
3304
1234
2757
2239
791
3308
1236
2757
2242
785
3312
1238
2757
2244
779
3316
1240
2757
2246
773
3320
1242
2757
2248
766
3325
1244
2758
2250
759
3329
1246
2757
2253
753
3334
1248
2757
2255
745
3338
1251
2758
2257
739
3342
1253
2758
2260
731
3347
1255
2758
2262
724
3351
1258
2758
2265
716
3355
1261
2758
2267
707
3360
1263
2757
2270
699
3363
1266
2758
2275
690
3368
1269
2758
2277
686
3373
1271
2758
2279
681
3375
1274
2758
2279
676
3380
1277
2756
2280
672
3383
1280
2756
2282
673
3387
1283
2757
2283
676
3391
1286
2758
2283
679
3395
1289
2758
2283
682
3398
1292
2759
2282
685
3401
1296
2758
2281
688
3404
1299
2759
2279
692
3408
1303
2760
2277
695
3410
1306
2760
2275
698
3413
1310
2761
2271
699
3415
1312
2762
2270
700
3418
1316
2763
2269
700
3420
1319
2763
2268
699
3423
1323
2764
2267
698
3426
1327
2765
2266
696
3428
1331
2765
2265
695
3431
1335
2766
2264
693
3432
1339
2766
2264
691
3435
1343
2766
2264
689
3437
1346
2766
2264
689
3439
1351
2767
2264
688
3440
1355
2767
2265
686
3441
1359
2768
2265
684
3443
1363
2768
2266
684
3444
1368
2768
2266
683
3445
1372
2768
2267
683
3446
1377
2768
2267
681
3447
1382
2768
2267
681
3449
1386
2768
2267
681
3449
1391
2768
2267
682
3450
1395
2768
2267
682
3451
1400
2769
2267
683
3451
1404
2768
2267
684
3451
1410
2768
2267
684
3451
1414
2768
2267
684
3451
1419
2768
2266
684
3452
1424
2768
2266
684
3451
1429
2768
2266
684
3452
1435
2768
2265
684
3451
1440
2769
2265
684
3451
1445
2769
2265
684
3451
1451
2770
2265
684
3450
1456
2770
2265
684
3450
1461
2770
2265
684
3449
1467
2770
2264
684
3448
1473
2770
2265
684
3447
1478
2770
2264
684
3447
1483
2770
2264
684
3446
1489
2770
2264
684
3445
1494
2770
2264
684
3444
1500
2770
2264
684
3443
1505
2770
2264
684
3442
1510
2770
2264
684
3441
1516
2770
2264
684
3439
1521
2770
2264
684
3438
1527
2770
2264
684
3437
1532
2770
2264
684
3435
1537
2770
2264
684
3433
1542
2770
2264
684
3431
1548
2770
2265
684
3429
1553
2770
2264
684
3426
1558
2770
2264
684
3424
1563
2770
2264
684
3421
1569
2770
2265
684
3418
1574
2770
2264
684
3416
1579
2770
2264
684
3413
1584
2770
2265
684
3410
1588
2770
2264
685
3408
1593
2770
2264
685
3404
1598
2770
2264
685
3401
1602
2770
2264
686
3398
1607
2770
2265
687
3396
1611
2770
2264
687
3392
1616
2770
2265
687
3389
1620
2770
2266
687
3386
1624
2770
2266
688
3383
1627
2771
2267
689
3379
1631
2770
2267
689
3377
1635
2771
2267
690
3373
1638
2770
2267
690
3370
1642
2771
2268
691
3367
1645
2771
2268
692
3363
1648
2771
2268
694
3360
1652
2771
2268
694
3358
1655
2771
2269
696
3354
1658
2771
2269
698
3350
1661
2770
2269
699
3347
1663
2771
2269
701
3344
1666
2770
2270
704
3340
1668
2771
2270
706
3336
1671
2770
2270
709
3332
1674
2770
2269
712
3328
1675
2769
2269
715
3324
1678
2769
2269
718
3320
1680
2769
2268
721
3316
1681
2769
2268
725
3312
1684
2769
2267
728
3307
1685
2769
2267
732
3302
1687
2769
2266
736
3298
1688
2769
2265
740
3294
1690
2768
2265
744
3290
1691
2768
2264
748
3285
1692
2768
2264
753
3280
1694
2767
2263
757
3275
1695
2767
2262
762
3271
1695
2766
2261
767
3266
1697
2766
2260
772
3261
1698
2766
2258
777
3256
1699
2765
2257
782
3251
1700
2764
2255
788
3247
1700
2764
2253
793
3242
1701
2764
2250
799
3237
1702
2762
2248
804
3233
1702
2762
2246
810
3227
1702
2761
2244
816
3223
1703
2761
2241
823
3218
1703
2760
2238
830
3214
1703
2760
2236
836
3210
1704
2759
2233
844
3206
1704
2759
2230
851
3203
1704
2758
2227
859
3199
1705
2757
2224
866
3195
1704
2757
2221
874
3191
1704
2757
2218
882
3188
1705
2756
2215
890
3184
1705
2756
2212
899
3180
1705
2755
2209
907
3177
1705
2755
2204
916
3173
1705
2754
2201
924
3170
1705
2754
2197
933
3167
1706
2754
2194
942
3164
1706
2754
2190
951
3161
1706
2754
2187
960
3158
1706
2753
2184
968
3154
1706
2753
2180
977
3151
1706
2753
2176
987
3149
1706
2753
2173
994
3145
1706
2753
2169
1003
3142
1706
2753
2166
1012
3139
1707
2753
2162
1021
3136
1707
2753
2158
1030
3133
1707
2753
2154
1038
3130
1706
2753
2151
1047
3128
1706
2753
2148
1055
3125
1707
2753
2142
1062
3122
1707
2753
2139
1070
3119
1707
2753
2136
1077
3117
1707
2753
2134
1085
3114
1707
2753
2130
1093
3111
1707
2753
2127
1100
3108
1707
2754
2124
1108
3106
1707
2754
2122
1116
3103
1707
2755
2119
1121
3100
1707
2755
2116
1128
3098
1707
2755
2114
1135
3095
1707
2755
2111
1142
3092
1708
2755
2109
1148
3089
1708
2756
2106
1155
3086
1708
2756
2104
1161
3083
1708
2756
2102
1167
3079
1709
2756
2100
1172
3076
1709
2756
2098
1177
3073
1709
2756
2096
1183
3070
1709
2756
2094
1188
3067
1710
2756
2093
1193
3064
1710
2756
2091
1197
3061
1710
2756
2089
1201
3058
1710
2756
2088
1206
3055
1711
2756
2086
1210
3052
1711
2756
2084
1214
3050
1712
2756
2083
1218
3047
1713
2755
2081
1222
3045
1713
2756
2081
1225
3042
1714
2755
2079
1229
3040
1715
2756
2078
1232
3037
1715
2756
2077
1236
3035
1716
2755
2076
1239
3033
1717
2755
2075
1242
3030
1718
2756
2074
1245
3029
1718
2755
2074
1248
3026
1719
2755
2073
1249
3024
1720
2756
2072
1252
3022
1721
2755
2072
1255
3020
1723
2755
2070
1257
3018
1724
2756
2070
1260
3015
1725
2755
2070
1262
3013
1726
2756
2069
1265
3011
1727
2756
2069
1267
3010
1728
2756
2069
1269
3008
1730
2756
2068
1271
3006
1731
2756
2068
1273
3004
1733
2755
2068
1275
3003
1734
2756
2068
1277
3001
1736
2755
2068
1279
3000
1738
2755
2067
1281
2998
1739
2755
2068
1282
2997
1741
2755
2067
1284
2996
1743
2756
2067
1285
2994
1745
2755
2067
1287
2993
1746
2755
2067
1289
2992
1748
2755
2067
1290
2990
1750
2756
2067
1292
2990
1752
2756
2067
1293
2988
1754
2755
2067
1295
2987
1757
2756
2067
1296
2986
1759
2756
2067
1297
2985
1761
2756
2067
1299
2984
1763
2756
2067
1300
2984
1765
2756
2067
1302
2983
1768
2756
2066
1303
2982
1770
2756
2066
1305
2982
1773
2756
2066
1306
2981
1775
2756
2066
1307
2980
1778
2756
2066
1309
2980
1781
2756
2066
1310
2980
1784
2756
2066
1313
2980
1787
2756
2065
1314
2979
1790
2756
2065
1315
2979
1793
2756
2065
1317
2979
1796
2757
2065
1318
2979
1799
2756
2065
1320
2979
1802
2757
2065
1321
2978
1805
2756
2065
1322
2978
1809
2757
2065
1323
2978
1812
2757
2065
1324
2978
1815
2757
2065
1326
2977
1818
2757
2064
1327
2977
1822
2757
2064
1328
2976
1825
2758
2064
1329
2976
1829
2758
2064
1331
2976
1832
2759
2063
1332
2976
1835
2760
2063
1333
2975
1838
2760
2063
1334
2976
1842
2760
2062
1335
2975
1845
2761
2062
1336
2975
1848
2761
2062
1337
2975
1852
2762
2061
1338
2975
1855
2762
2061
1339
2975
1858
2763
2061
1340
2975
1862
2763
2061
1341
2975
1865
2764
2061
1342
2975
1870
2764
2061
1344
2975
1873
2764
2060
1345
2975
1876
2765
2060
1346
2975
1880
2765
2060
1347
2975
1883
2766
2059
1349
2975
1887
2766
2059
1349
2975
1891
2766
2058
1350
2975
1895
2767
2058
1351
2975
1897
2767
2057
1352
2976
1901
2767
2056
1354
2977
1904
2768
2055
1355
2977
1907
2768
2055
1356
2978
1912
2768
2053
1357
2978
1915
2769
2053
1358
2978
1918
2770
2052
1359
2979
1921
2770
2051
1361
2979
1924
2770
2050
1362
2979
1927
2771
2049
1364
2979
1930
2771
2048
1366
2980
1933
2771
2047
1368
2980
1936
2771
2046
1370
2980
1939
2771
2046
1372
2981
1942
2771
2045
1374
2981
1945
2772
2043
1376
2982
1947
2771
2042
1377
2982
1950
2771
2041
1379
2983
1952
2771
2039
1381
2983
1954
2771
2038
1384
2983
1957
2770
2036
1385
2984
1959
2770
2035
1388
2984
1960
2770
2033
1390
2984
1963
2770
2032
1392
2984
1964
2769
2030
1395
2984
1966
2769
2028
1397
2984
1968
2769
2026
1399
2985
1970
2769
2025
1402
2985
1972
2768
2023
1404
2985
1974
2768
2022
1406
2985
1975
2768
2021
1409
2985
1976
2768
2019
1412
2986
1978
2767
2018
1415
2987
1979
2767
2016
1418
2987
1981
2766
2015
1421
2988
1982
2766
2013
1424
2989
1983
2765
2011
1427
2990
1984
2764
2009
1431
2992
1984
2764
2007
1434
2993
1985
2763
2005
1438
2994
1986
2762
2003
1442
2996
1986
2761
2000
1446
2998
1987
2760
1997
1449
3000
1987
2758
1995
1453
3002
1987
2757
1992
1457
3005
1987
2756
1989
1461
3008
1987
2754
1986
1465
3010
1987
2753
1982
1469
3013
1987
2752
1979
1473
3015
1986
2750
1976
1478
3019
1987
2749
1973
1483
3022
1987
2747
1970
1486
3025
1987
2746
1967
1491
3028
1987
2745
1964
1495
3031
1986
2744
1961
1500
3034
1987
2743
1958
1505
3037
1987
2742
1955
1510
3040
1986
2740
1951
1514
3043
1987
2739
1948
1519
3045
1987
2739
1945
1524
3047
1987
2738
1943
1528
3049
1987
2737
1940
1533
3050
1987
2736
1938
1537
3052
1986
2735
1936
1541
3054
1987
2734
1933
1545
3056
1987
2733
1931
1549
3057
1986
2733
1929
1553
3058
1987
2732
1927
1557
3059
1987
2731
1925
1561
3059
1987
2731
1924
1565
3059
1987
2730
1923
1569
3059
1986
2729
1922
1573
3058
1987
2728
1921
1576
3058
1987
2727
1921
1580
3058
1986
2726
1920
1584
3057
1986
2725
1919
1588
3057
1987
2724
1919
1591
3056
1986
2722
1919
1594
3055
1986
2721
1919
1597
3053
1986
2720
1920
1601
3052
1986
2718
1920
1604
3051
1986
2717
1920
1607
3049
1986
2715
1921
1611
3048
1986
2713
1921
1614
3046
1986
2711
1922
1617
3044
1986
2709
1923
1620
3043
1986
2707
1923
1624
3040
1986
2705
1924
1627
3039
1986
2703
1925
1631
3037
1986
2701
1925
1634
3034
1986
2699
1926
1637
3032
1986
2697
1927
1640
3030
1986
2694
1927
1643
3029
1986
2691
1928
1646
3027
1986
2689
1929
1650
3025
1986
2687
1929
1653
3024
1986
2684
1930
1656
3023
1986
2682
1931
1659
3022
1986
2679
1931
1662
3021
1986
2676
1932
1666
3019
1986
2674
1932
1669
3018
1986
2671
1933
1672
3018
1986
2668
1933
1676
3016
1986
2666
1934
1679
3016
1986
2662
1934
1683
3015
1986
2660
1934
1686
3014
1986
2657
1934
1690
3014
1986
2653
1934
1697
3014
1986
2650
1934
1701
3014
1986
2647
1933
1705
3014
1986
2644
1932
1709
3014
1986
2641
1932
1713
3014
1986
2638
1931
1718
3015
1986
2635
1931
1722
3015
1986
2632
1930
1727
3016
1986
2630
1929
1732
3016
1986
2626
1928
1737
3017
1986
2624
1926
1741
3018
1986
2621
1924
1746
3020
1986
2618
1923
1751
3020
1986
2616
1921
1756
3021
1986
2613
1920
1761
3022
1986
2611
1918
1766
3024
1986
2609
1916
1771
3025
1986
2607
1914
1776
3026
1986
2605
1913
1782
3027
1986
2603
1911
1787
3029
1986
2601
1910
1792
3030
1986
2599
1908
1798
3032
1986
2597
1907
1803
3033
1986
2595
1905
1809
3034
1986
2594
1904
1815
3035
1986
2591
1903
1821
3036
1986
2589
1902
1827
3036
1986
2588
1901
1833
3037
1986
2587
1900
1840
3037
1986
2586
1899
1845
3037
1986
2585
1898
1852
3037
1986
2584
1898
1858
3037
1986
2583
1897
1864
3037
1986
2583
1897
1870
3037
1986
2582
1897
1876
3036
1986
2582
1897
1882
3036
1986
2581
1896
1889
3035
1986
2580
1897
1895
3034
1986
2579
1898
1900
3032
1986
2579
1898
1906
3030
1986
2579
1899
1911
3028
1986
2579
1900
1918
3025
1986
2580
1901
1922
3023
1986
2580
1902
1928
3019
1986
2580
1903
1933
3016
1986
2580
1903
1939
3012
1986
2580
1904
1944
3008
1986
2580
1904
1948
3002
1986
2581
1905
1953
2997
1986
2581
1906
1958
2993
1986
2581
1905
1963
2986
1986
2581
1905
1969
2980
1986
2581
1906
1975
2973
1986
2582
1906
1980
2966
1986
2582
1906
1985
2959
1986
2582
1906
1989
2950
1986
2583
1905
1995
2943
1986
2583
1905
2000
2935
1986
2583
1905
2007
2927
1986
2583
1904
2013
2919
1986
2584
1904
2020
2911
1986
2584
1903
2027
2902
1986
2584
1903
2033
2895
1986
2584
1903
2040
2887
1986
2584
1902
2047
2880
1986
2584
1901
2054
2872
1986
2584
1901
2062
2865
1986
2585
1900
2071
2855
1986
2585
1899
2079
2847
1986
2584
1898
2089
2840
1986
2585
1898
2098
2831
1987
2585
1897
2107
2824
1986
2585
1896
2116
2816
1986
2585
1895
2125
2808
1987
2585
1894
2133
2800
1986
2585
1893
2145
2792
1986
2585
1891
2154
2785
1986
2585
1890
2163
2777
1986
2586
1888
2171
2768
1986
2585
1886
2180
2760
1986
2586
1883
2188
2752
1986
2586
1880
2196
2745
1986
2585
1877
2204
2738
1986
2585
1874
2211
2731
1986
2584
1871
2218
2723
1986
2584
1867
2226
2714
1986
2583
1863
2232
2706
1986
2582
1860
2240
2698
1986
2582
1856
2247
2690
1986
2580
1853
2253
2683
1986
2579
1851
2260
2675
1986
2579
1848
2268
2667
1986
2578
1845
2276
2660
1986
2577
1842
2282
2652
1986
2576
1839
2289
2645
1986
2574
1836
2295
2636
1986
2573
1834
2303
2629
1986
2571
1832
2309
2622
1986
2570
1831
2315
2614
1986
2569
1829
2321
2607
1986
2568
1828
2326
2599
1986
2566
1827
2333
2591
1986
2566
1826
2339
2584
1986
2565
1825
2344
2577
1986
2565
1824
2350
2571
1985
2564
1823
2355
2564
1985
2564
1821
2360
2558
1986
2564
1820
2365
2552
1986
2565
1819
2370
2545
1986
2566
1817
2375
2538
1986
2566
1816
2379
2532
1986
2567
1815
2384
2525
1986
2568
1814
2388
2518
1986
2568
1813
2393
2510
1986
2568
1812
2398
2503
1986
2569
1811
2402
2496
1986
2569
1810
2407
2490
1986
2570
1809
2411
2483
1986
2570
1807
2415
2477
1986
2571
1805
2419
2471
1986
2571
1804
2423
2465
1986
2571
1803
2427
2458
1986
2572
1801
2431
2452
1986
2572
1800
2435
2446
1986
2573
1798
2439
2440
1986
2573
1797
2442
2434
1986
2573
1795
2446
2427
1986
2573
1794
2450
2421
1986
2573
1793
2454
2415
1986
2573
1791
2457
2409
1986
2574
1790
2461
2404
1986
2574
1789
2465
2396
1986
2574
1788
2469
2390
1986
2575
1786
2473
2385
1986
2575
1786
2477
2379
1986
2575
1784
2481
2373
1986
2576
1783
2485
2367
1986
2576
1782
2489
2361
1986
2576
1781
2493
2355
1986
2576
1780
2497
2349
1986
2576
1780
2501
2343
1986
2576
1778
2505
2337
1986
2576
1778
2509
2330
1986
2576
1777
2513
2324
1986
2577
1776
2517
2318
1986
2576
1775
2520
2313
1986
2577
1774
2524
2307
1986
2576
1774
2528
2301
1986
2577
1773
2531
2296
1986
2576
1772
2535
2290
1986
2576
1771
2538
2284
1986
2576
1770
2542
2279
1986
2577
1769
2546
2273
1986
2576
1769
2550
2267
1986
2576
1768
2553
2261
1986
2577
1767
2557
2255
1986
2576
1767
2561
2250
1986
2577
1766
2564
2245
1986
2577
1766
2567
2239
1986
2577
1765
2571
2234
1986
2577
1765
2575
2229
1986
2577
1764
2578
2223
1986
2577
1763
2582
2217
1986
2577
1763
2585
2212
1986
2577
1762
2589
2207
1986
2577
1762
2592
2202
1986
2577
1761
2595
2197
1986
2577
1761
2598
2191
1986
2577
1761
2602
2186
1986
2577
1760
2604
2181
1986
2577
1760
2607
2176
1986
2578
1760
2610
2171
1986
2578
1760
2612
2166
1986
2578
1760
2616
2160
1986
2578
1760
2618
2155
1986
2578
1760
2621
2150
1986
2578
1760
2623
2144
1986
2578
1760
2626
2139
1986
2578
1760
2629
2134
1986
2578
1760
2630
2129
1986
2578
1760
2632
2124
1986
2578
1761
2634
2118
1986
2578
1760
2636
2113
1986
2579
1761
2637
2107
1986
2579
1761
2639
2102
1986
2579
1762
2641
2097
1986
2579
1762
2642
2091
1986
2578
1762
2644
2086
1986
2578
1763
2646
2079
1986
2578
1763
2647
2073
1986
2578
1763
2648
2068
1986
2579
1763
2650
2062
1986
2578
1764
2651
2056
1986
2579
1764
2653
2051
1986
2579
1765
2655
2045
1986
2578
1765
2656
2039
1986
2579
1766
2656
2034
1986
2578
1766
2657
2028
1986
2578
1767
2658
2022
1986
2578
1768
2659
2017
1986
2578
1769
2660
2012
1986
2578
1770
2661
2006
1986
2578
1772
2662
2001
1986
2578
1773
2662
1995
1986
2578
1774
2663
1989
1986
2578
1775
2664
1984
1986
2578
1777
2664
1979
1985
2578
1779
2665
1974
1986
2578
1781
2665
1969
1986
2578
1782
2665
1965
1986
2578
1784
2665
1961
1986
2578
1786
2665
1956
1986
2578
1787
2665
1951
1986
2578
1789
2665
1947
1986
2577
1791
2664
1942
1986
2578
1793
2665
1937
1986
2578
1795
2665
1934
1986
2577
1796
2664
1929
1986
2577
1798
2663
1925
1986
2577
1801
2663
1921
1986
2577
1802
2662
1917
1986
2577
1804
2662
1913
1986
2577
1806
2661
1909
1985
2577
1807
2661
1905
1986
2577
1809
2660
1901
1986
2577
1810
2659
1899
1986
2577
1811
2659
1895
1986
2577
1813
2658
1893
1986
2577
1814
2657
1890
1986
2577
1815
2657
1888
1986
2577
1816
2656
1886
1986
2577
1817
2656
1884
1986
2577
1818
2655
1882
1986
2577
1818
2654
1881
1986
2577
1819
2653
1880
1986
2577
1820
2652
1879
1986
2576
1820
2651
1879
1986
2577
1821
2649
1879
1986
2576
1821
2648
1879
1986
2576
1821
2646
1879
1986
2576
1821
2645
1879
1986
2576
1821
2644
1880
1985
2575
1821
2642
1880
1986
2575
1821
2640
1880
1986
2574
1821
2639
1881
1986
2574
1821
2637
1882
1986
2574
1821
2635
1883
1986
2573
1821
2633
1884
1986
2573
1821
2632
1885
1986
2572
1821
2630
1887
1986
2571
1821
2628
1889
1986
2571
1821
2627
1890
1986
2571
1822
2624
1892
1986
2570
1822
2623
1894
1985
2569
1822
2621
1896
1986
2568
1822
2618
1899
1986
2568
1822
2616
1901
1986
2568
1822
2614
1904
1986
2567
1822
2612
1907
1986
2566
1823
2609
1910
1986
2566
1823
2607
1913
1986
2566
1823
2605
1916
1986
2565
1823
2602
1919
1986
2565
1823
2600
1922
1986
2564
1823
2597
1926
1986
2564
1823
2594
1929
1986
2565
1823
2592
1934
1986
2564
1823
2589
1937
1985
2565
1823
2587
1942
1986
2564
1823
2583
1946
1986
2564
1823
2581
1950
1986
2565
1823
2577
1956
1986
2565
1823
2574
1960
1986
2565
1823
2572
1965
1986
2565
1824
2568
1970
1986
2565
1824
2565
1975
1986
2565
1824
2562
1980
1986
2566
1824
2559
1985
1985
2566
1824
2555
1990
1985
2566
1824
2552
1995
1986
2566
1824
2549
2002
1986
2566
1824
2545
2007
1986
2566
1824
2542
2013
1986
2566
1824
2538
2018
1985
2566
1824
2534
2024
1986
2566
1824
2530
2030
1986
2566
1824
2527
2037
1986
2566
1824
2523
2043
1986
2566
1825
2519
2049
1986
2566
1825
2515
2054
1986
2566
1825
2511
2060
1986
2566
1826
2507
2066
1986
2566
1826
2503
2073
1986
2566
1826
2499
2079
1986
2566
1827
2495
2086
1986
2566
1828
2491
2092
1986
2566
1829
2486
2098
1986
2566
1830
2482
2104
1986
