3888
2290
2041
2848
582
3888
2291
2041
2848
582
3888
2292
2041
2847
582
3888
2293
2042
2847
582
3888
2294
2042
2847
582
3888
2296
2042
2846
582
3888
2297
2042
2847
582
3888
2299
2041
2847
582
3888
2301
2040
2847
582
3888
2302
2039
2848
582
3888
2303
2039
2849
583
3888
2305
2039
2850
582
3888
2306
2039
2850
583
3888
2307
2038
2851
583
3888
2308
2037
2852
583
3888
2309
2036
2852
583
3888
2310
2035
2853
583
3888
2310
2035
2854
583
3888
2311
2034
2854
583
3889
2311
2034
2855
583
3888
2312
2033
2856
583
3889
2312
2033
2856
583
3889
2312
2033
2857
583
3889
2312
2032
2857
583
3889
2312
2031
2858
583
3889
2312
2031
2858
583
3889
2313
2030
2859
583
3889
2313
2030
2859
583
3889
2313
2029
2860
583
3889
2314
2028
2860
583
3889
2314
2028
2861
584
3889
2314
2027
2861
583
3889
2314
2027
2861
583
3889
2314
2026
2862
583
3889
2314
2026
2862
584
3889
2315
2026
2862
584
3889
2314
2025
2863
584
3889
2315
2024
2863
584
3889
2315
2024
2865
584
3889
2315
2024
2865
584
3889
2315
2023
2866
583
3889
2316
2023
2866
584
3889
2316
2023
2866
584
3889
2316
2022
2867
583
3889
2316
2023
2867
583
3889
2316
2022
2867
584
3889
2316
2022
2867
584
3889
2317
2021
2868
584
3889
2317
2021
2868
584
3889
2317
2021
2868
583
3889
2317
2021
2869
584
3889
2317
2021
2869
584
3890
2317
2020
2869
584
3889
2318
2020
2869
584
3889
2318
2020
2870
584
3889
2318
2020
2869
583
3889
2318
2020
2869
584
3889
2318
2019
2869
583
3889
2318
2020
2870
583
3889
2318
2019
2870
584
3889
2318
2019
2870
584
3889
2318
2019
2870
584
3889
2318
2019
2870
584
3889
2318
2019
2870
584
3889
2318
2019
2870
584
3890
2318
2019
2870
584
3889
2318
2019
2870
584
3889
2318
2019
2870
584
3889
2318
2019
2870
583
3889
2318
2019
2870
584
3889
2318
2019
2870
584
3889
2318
2019
2870
583
3889
2318
2019
2870
584
3889
2318
2019
2870
584
3889
2318
2019
2870
584
3889
2318
2019
2870
584
3889
2318
2019
2870
584
3889
2318
2019
2870
584
3889
2318
2019
2870
584
3889
2318
2019
2870
584
3889
2318
2019
2870
584
3889
2318
2019
2870
584
3889
2318
2019
2870
584
3889
2318
2019
2870
584
3889
2318
2019
2870
584
3889
2318
2019
2870
584
3889
2318
2019
2870
583
3889
2318
2019
2870
584
3889
2318
2019
2870
584
3889
2318
2019
2870
584
3889
2318
2019
2870
584
3889
2318
2019
2870
584
3889
2318
2019
2870
584
3889
2318
2019
2870
584
3889
2318
2019
2870
583
3889
2318
2019
2870
584
3889
2318
2019
2870
584
3889
2318
2019
2870
584
3889
2318
2019
2870
584
3889
2318
2019
2870
584
3889
2318
2019
2870
583
3889
2318
2019
2870
584
3890
2318
2019
2870
584
3890
2318
2019
2870
584
3889
2318
2019
2870
584
3889
2319
2019
2870
584
3889
2318
2019
2870
584
3889
2318
2019
2870
584
3889
2318
2019
2870
584
3889
2318
2019
2870
584
3889
2318
2019
2870
584
3889
2318
2019
2870
584
3889
2318
2019
2870
584
3889
2318
2019
2870
583
3889
2318
2019
2870
584
3889
2318
2019
2870
584
3889
2318
2019
2870
584
3889
2318
2019
2870
584
3889
2318
2019
2870
584
3889
2318
2019
2870
584
3889
2318
2019
2870
584
3889
2318
2019
2870
584
3889
2318
2019
2870
584
3889
2318
2019
2870
584
3889
2318
2019
2870
584
3889
2318
2019
2870
584
3889
2318
2019
2870
584
3889
2318
2019
2870
584
3889
2318
2019
2870
584
3889
2319
2019
2870
584
3889
2318
2019
2870
583
3889
2318
2019
2870
584
3889
2318
2019
2870
584
3889
2318
2019
2870
584
3889
2318
2019
2870
584
3889
2318
2019
2870
584
3889
2318
2019
2870
584
3889
2318
2019
2870
584
3889
2318
2019
2870
584
3889
2319
2019
2870
584
3889
2318
2019
2870
584
3889
2318
2019
2870
584
3889
2318
2019
2870
584
3889
2318
2019
2870
584
3889
2318
2019
2870
584
3889
2318
2019
2870
583
3889
2319
2019
2870
584
3889
2318
2019
2870
584
3889
2318
2019
2870
584
3889
2318
2019
2870
584
3889
2318
2019
2870
584
3889
2318
2019
2870
584
3890
2318
2019
2870
584
3889
2318
2019
2870
584
3889
2318
2019
2870
584
3889
2318
2019
2870
583
3889
2318
2019
2870
583
3889
2318
2019
2870
584
3889
2318
2019
2870
584
3889
2318
2019
2870
584
3889
2318
2019
2870
584
3889
2318
2019
2870
584
3889
2318
2019
2870
583
3889
2318
2019
2870
584
3890
2318
2019
2870
584
3889
2318
2019
2870
584
3889
2318
2019
2870
584
3889
2319
2019
2870
584
3889
2318
2019
2870
584
3889
2318
2019
2870
584
3889
2318
2019
2870
584
3889
2318
2019
2870
584
3889
2318
2019
2870
584
3889
2318
2019
2870
584
3890
2318
2019
2870
584
3889
2318
2019
2870
584
3889
2318
2019
2870
584
3889
2318
2019
2870
584
3889
2318
2019
2870
584
3889
2318
2019
2870
584
3889
2318
2019
2870
584
3889
2318
2019
2870
584
3890
2318
2019
2870
584
3889
2318
2019
2870
584
3889
2318
2019
2870
584
3889
2319
2019
2870
584
3889
2318
2019
2870
584
3889
2318
2019
2870
584
3889
2318
2019
2870
584
3889
2318
2019
2870
584
3889
2318
2019
2870
584
3890
2319
2019
2870
584
3889
2319
2019
2870
584
3889
2318
2019
2870
584
3889
2318
2019
2870
584
3889
2318
2019
2870
584
3889
2318
2019
2870
583
3889
2318
2019
2870
584
3889
2318
2019
2870
584
3889
2318
2019
2870
584
3889
2318
2019
2870
584
3889
2318
2019
2870
583
3890
2318
2019
2870
584
3889
2318
2019
2870
584
3889
2318
2019
2870
584
3890
2318
2019
2870
584
3889
2318
2019
2870
584
3889
2318
2019
2870
584
3889
2318
2019
2870
584
3889
2318
2019
2870
584
3889
2318
2019
2870
584
3889
2318
2019
2870
584
3889
2318
2019
2870
584
3889
2318
2019
2870
584
3889
2318
2019
2870
584
3889
2318
2019
2870
584
3889
2318
2019
2870
584
3889
2318
2019
2870
584
3889
2318
2019
2870
584
3889
2318
2019
2870
584
3889
2318
2019
2870
584
3889
2318
2019
2870
584
3889
2318
2019
2870
584
3889
2318
2019
2870
584
3889
2318
2019
2870
584
3889
2318
2019
2870
584
3889
2318
2019
2870
584
3889
2318
2019
2870
583
3889
2318
2019
2869
584
3890
2319
2019
2870
584
3889
2318
2019
2870
584
3889
2318
2019
2870
584
3889
2318
2019
2870
584
3889
2318
2019
2870
584
3889
2319
2019
2870
583
3889
2318
2019
2870
584
3889
2318
2019
2870
584
3889
2318
2019
2870
584
3889
2318
2019
2870
584
3889
2318
2019
2870
584
3889
2318
2019
2870
584
3889
2318
2019
2870
584
3889
2318
2019
2870
584
3890
2318
2019
2870
584
3889
2319
2019
2870
584
3889
2318
2019
2870
584
3889
2318
2019
2870
584
3889
2319
2019
2870
584
3889
2318
2019
2870
584
3889
2318
2019
2870
584
3889
2318
2019
2870
584
3889
2319
2019
2870
584
3889
2319
2019
2870
584
3889
2318
2019
2870
584
3889
2318
2019
2870
584
3889
2318
2019
2870
584
3889
2318
2019
2870
584
3889
2318
2019
2870
584
3889
2318
2019
2870
584
3889
2318
2019
2870
584
3889
2318
2019
2870
584
3889
2318
2019
2870
584
3889
2318
2019
2870
584
3889
2318
2019
2870
584
3889
2318
2019
2870
584
3889
2318
2019
2870
584
3889
2318
2019
2870
584
3889
2318
2019
2870
584
3889
2318
2019
2870
584
3889
2318
2019
2870
584
3889
2318
2019
2870
584
3889
2318
2019
2870
584
3889
2318
2019
2870
584
3890
2318
2019
2870
584
3889
2318
2019
2870
584
3889
2319
2019
2870
584
3889
2318
2019
2870
584
3889
2318
2019
2870
584
3889
2318
2019
2870
584
3890
2318
2019
2870
584
3889
2318
2019
2870
584
3889
2318
2019
2870
584
3889
2318
2019
2870
584
3889
2318
2019
2870
584
3889
2318
2019
2870
584
3889
2318
2019
2870
584
3889
2318
2019
2870
584
3889
2318
2019
2870
584
3889
2318
2019
2870
584
3889
2319
2019
2870
584
3889
2318
2019
2870
584
3889
2318
2019
2870
584
3889
2318
2019
2870
584
3889
2319
2019
2870
584
3889
2319
2019
2870
584
3889
2318
2019
2870
584
3889
2318
2019
2870
584
3889
2318
2019
2870
584
3889
2318
2019
2870
584
3889
2319
2019
2870
584
3889
2318
2019
2870
584
3890
2318
2019
2870
584
3889
2318
2019
2870
584
3890
2318
2019
2870
584
3889
2318
2019
2870
584
3890
2318
2019
2870
584
3889
2318
2019
2870
584
3889
2318
2019
2870
584
3889
2318
2019
2870
583
3889
2319
2019
2870
584
3889
2318
2019
2870
584
3889
2318
2019
2870
584
3889
2318
2019
2870
584
3889
2318
2019
2870
584
3889
2318
2019
2870
584
3890
2318
2019
2870
584
3889
2318
2019
2870
584
3889
2318
2019
2870
584
3889
2318
2019
2870
584
3889
2318
2019
2870
584
3889
2319
2019
2870
584
3889
2318
2019
2870
584
3889
2318
2019
2870
584
3889
2318
2019
2870
584
3889
2318
2019
2870
584
3889
2318
2019
2870
584
3889
2318
2019
2870
584
3889
2318
2019
2870
584
3889
2318
2019
2870
584
3889
2319
2019
2870
584
3889
2318
2019
2870
584
3889
2318
2019
2870
584
3890
2318
2019
2870
584
3889
2318
2019
2870
584
3890
2318
2019
2870
584
3889
2318
2019
2870
584
3889
2318
2019
2870
584
3889
2318
2019
2870
584
3889
2318
2019
2870
584
3889
2318
2019
2870
584
3889
2318
2019
2870
584
3890
2318
2019
2870
584
3889
2318
2019
2870
584
3889
2318
2019
2870
584
3889
2318
2019
2870
584
3889
2318
2019
2870
584
3890
2318
2019
2870
584
3889
2318
2019
2870
584
3889
2319
2019
2870
584
3889
2318
2019
2870
584
3890
2318
2019
2870
584
3889
2318
2019
2870
584
3889
2319
2019
2870
584
3889
2318
2019
2870
583
3889
2318
2019
2870
584
3889
2318
2019
2870
584
3889
2319
2019
2870
584
3889
2318
2019
2870
584
3889
2318
2019
2870
584
3889
2319
2019
2870
584
3889
2318
2019
2870
584
3889
2318
2019
2870
584
3889
2318
2019
2870
584
3889
2318
2019
2870
584
3889
2318
2019
2870
584
3890
2318
2019
2870
584
3889
2318
2019
2870
584
3889
2319
2019
2870
584
3889
2318
2019
2870
584
3889
2318
2019
2870
584
3889
2318
2019
2870
584
3889
2318
2019
2870
584
3889
2318
2019
2870
584
3890
2318
2019
2870
584
3889
2318
2019
2870
584
3889
2319
2019
2870
584
3889
2319
2019
2870
584
3889
2318
2019
2870
584
3889
2319
2019
2870
584
3890
2318
2019
2870
584
3889
2318
2019
2870
584
3890
2318
2019
2870
584
3889
2319
2019
2870
584
3889
2318
2019
2870
584
3889
2318
2019
2870
584
3889
2318
2019
2870
584
3889
2318
2019
2870
584
3889
2319
2019
2870
584
3889
2318
2019
2870
584
3889
2318
2019
2870
584
3889
2319
2019
2870
584
3889
2319
2019
2870
584
3889
2318
2019
2870
584
3889
2318
2019
2870
584
3889
2318
2019
2870
584
3889
2319
2019
2870
584
3889
2319
2019
2870
584
3889
2318
2019
2870
584
3889
2318
2019
2870
584
3889
2319
2019
2870
584
3889
2319
2019
2870
584
3889
2319
2019
2870
584
3890
2318
2019
2870
584
3889
2318
2019
2870
584
3889
2318
2019
2870
584
3889
2319
2019
2870
584
3889
2318
2019
2870
584
3889
2318
2019
2870
584
3889
2318
2019
2870
584
3889
2318
2019
2870
584
3889
2319
2019
2870
584
3889
2319
2019
2870
584
3889
2318
2019
2870
584
3889
2318
2019
2870
584
3889
2318
2019
2870
584
3889
2319
2019
2870
584
3889
2318
2019
2870
584
3889
2318
2019
2870
584
3889
2318
2019
2870
584
3889
2319
2019
2870
584
3889
2319
2019
2870
584
3890
2318
2019
2870
584
3889
2318
2019
2870
584
3889
2319
2019
2870
584
3889
2318
2019
2870
584
3889
2318
2019
2870
584
3890
2318
2019
2870
584
3889
2319
2019
2870
584
3890
2318
2019
2870
584
3889
2318
2019
2870
584
3889
2318
2019
2870
584
3889
2319
2019
2870
584
3889
2318
2019
2870
584
3889
2318
2019
2870
584
3889
2319
2019
2870
584
3889
2319
2019
2870
584
3889
2319
2019
2870
584
3889
2319
2019
2870
584
3889
2318
2019
2870
584
3890
2318
2019
2870
584
3890
2318
2019
2870
584
3889
2319
2019
2870
584
3889
2318
2019
2870
584
3889
2318
2019
2870
584
3889
2319
2019
2870
584
3889
2318
2019
2870
584
3889
2319
2019
2870
584
3889
2318
2019
2870
584
3889
2318
2019
2870
584
3889
2319
2019
2870
584
3889
2319
2019
2870
584
3889
2318
2019
2870
584
3889
2318
2019
2870
584
3889
2319
2019
2870
584
3889
2318
2019
2870
584
3889
2319
2019
2870
584
3889
2319
2019
2870
584
3890
2319
2019
2870
584
3889
2318
2019
2870
584
3889
2319
2019
2870
584
3890
2319
2019
2870
584
3890
2318
2019
2870
584
3890
2318
2019
2870
584
3890
2319
2019
2870
584
3890
2319
2019
2870
584
3890
2319
2019
2870
583
3890
2318
2019
2870
583
3890
2318
2019
2870
583
3890
2318
2019
2870
583
3890
2318
2019
2869
583
3891
2318
2018
2868
583
3891
2319
2019
2868
583
3891
2318
2018
2868
583
3892
2319
2019
2867
583
3892
2319
2018
2866
583
3892
2319
2017
2866
583
3893
2319
2017
2865
583
3893
2319
2017
2863
583
3894
2319
2015
2863
583
3894
2319
2014
2862
583
3895
2319
2013
2862
582
3895
2319
2012
2861
582
3895
2319
2011
2859
583
3894
2319
2009
2859
582
3894
2319
2008
2857
582
3894
2319
2006
2856
582
3893
2319
2004
2855
582
3893
2319
2002
2854
582
3893
2319
2000
2853
582
3893
2318
1998
2853
582
3893
2319
1996
2854
582
3892
2318
1993
2854
582
3892
2318
1991
2853
581
3891
2317
1989
2853
581
3891
2317
1987
2853
582
3890
2317
1985
2853
581
3889
2316
1982
2853
581
3888
2316
1980
2853
581
3888
2315
1978
2853
581
3887
2314
1975
2854
581
3886
2313
1973
2854
582
3886
2313
1970
2855
581
3886
2311
1968
2856
581
3886
2311
1964
2857
581
3885
2310
1961
2857
581
3885
2309
1958
2858
581
3885
2307
1954
2860
581
3885
2306
1951
2861
581
3884
2304
1947
2862
581
3884
2303
1943
2865
581
3885
2300
1939
2866
581
3885
2299
1935
2868
581
3885
2297
1931
2870
581
3885
2296
1927
2873
581
3886
2294
1924
2875
581
3887
2293
1919
2878
581
3887
2291
1915
2880
581
3887
2290
1911
2883
581
3888
2288
1906
2886
581
3888
2286
1902
2889
581
3889
2285
1897
2892
581
3890
2283
1893
2895
581
3891
2282
1887
2898
580
3892
2280
1882
2902
581
3893
2279
1878
2905
581
3894
2277
1872
2908
581
3896
2275
1867
2913
581
3897
2274
1861
2917
581
3898
2271
1856
2920
580
3900
2269
1850
2924
581
3902
2268
1844
2928
581
3904
2266
1838
2931
581
3906
2265
1832
2934
581
3908
2263
1826
2938
581
3909
2261
1818
2942
581
3912
2260
1812
2945
581
3914
2259
1805
2949
581
3916
2257
1798
2952
580
3918
2255
1791
2955
580
3921
2254
1784
2959
581
3923
2253
1777
2962
581
3925
2251
1769
2966
580
3927
2250
1762
2969
581
3930
2249
1755
2972
581
3932
2247
1747
2976
581
3935
2246
1740
2979
581
3936
2245
1732
2982
581
3939
2244
1725
2986
581
3942
2243
1717
2989
581
3945
2242
1710
2992
580
3949
2241
1700
2995
581
3952
2240
1692
2999
581
3955
2239
1685
3002
581
3959
2239
1678
3006
581
3962
2238
1671
3008
581
3966
2237
1663
3012
581
3970
2237
1656
3015
581
3974
2236
1649
3018
581
3978
2235
1642
3021
581
3982
2235
1636
3024
581
3986
2235
1628
3027
581
3991
2235
1621
3030
581
3996
2235
1615
3033
581
4001
2234
1607
3036
581
4005
2235
1600
3039
581
4011
2235
1594
3043
581
4016
2235
1587
3046
581
4021
2235
1580
3048
581
4027
2235
1574
3051
581
4033
2235
1567
3054
581
4038
2236
1561
3057
581
4044
2236
1554
3060
581
4050
2237
1548
3062
581
4056
2237
1542
3066
581
4062
2238
1536
3069
581
4069
2238
1530
3072
581
4076
2239
1526
3074
581
4083
2240
1520
3078
581
4090
2241
1515
3080
581
4097
2242
1510
3083
581
4104
2243
1505
3086
581
4111
2245
1500
3089
581
4119
2246
1495
3091
581
4127
2248
1491
3093
581
4134
2250
1486
3095
581
4142
2252
1482
3097
581
4149
2254
1477
3099
581
4157
2256
1473
3101
581
4165
2259
1468
3103
581
4173
2261
1463
3106
581
4181
2264
1457
3107
581
4189
2266
1453
3110
581
4197
2269
1448
3111
581
4205
2273
1443
3113
581
4212
2276
1437
3114
581
4220
2279
1433
3116
581
4227
2282
1428
3117
581
4235
2284
1424
3119
581
4242
2287
1419
3120
581
4250
2289
1414
3121
581
4258
2292
1408
3122
581
4266
2296
1404
3123
581
4273
2298
1399
3125
581
4280
2301
1394
3126
581
4287
2303
1390
3126
581
4295
2306
1386
3128
582
4302
2309
1382
3129
581
4308
2312
1377
3129
581
4316
2315
1374
3130
581
4322
2318
1370
3130
581
4329
2321
1366
3131
581
4336
2325
1362
3131
581
4342
2328
1358
3131
581
4349
2331
1354
3132
581
4356
2334
1350
3131
581
4363
2339
1346
3131
581
4370
2344
1342
3131
581
4376
2347
1338
3131
581
4383
2351
1334
3131
581
4390
2355
1330
3132
581
4396
2360
1326
3131
581
4402
2363
1323
3131
581
4408
2367
1319
3131
582
4414
2371
1315
3131
582
4419
2375
1311
3132
581
4426
2380
1306
3132
582
4431
2383
1303
3131
582
4436
2388
1300
3131
582
4441
2392
1296
3131
582
4447
2396
1292
3131
582
4453
2402
1288
3131
582
4458
2406
1285
3131
582
4463
2411
1282
3132
582
4467
2416
1278
3131
582
4472
2420
1275
3132
582
4476
2425
1272
3131
582
4481
2429
1268
3131
582
4485
2434
1264
3131
582
4489
2439
1261
3131
582
4493
2443
1257
3132
582
4497
2447
1255
3132
582
4500
2452
1251
3134
582
4504
2456
1248
3134
583
4507
2460
1246
3134
582
4510
2464
1242
3135
582
4512
2468
1239
3135
582
4514
2472
1236
3136
582
4517
2475
1234
3136
582
4519
2479
1231
3137
582
4521
2483
1229
3138
583
4523
2486
1225
3139
582
4524
2490
1222
3139
583
4526
2494
1220
3140
582
4528
2497
1217
3142
582
4529
2500
1215
3143
583
4531
2504
1212
3144
582
4532
2507
1210
3145
582
4533
2510
1208
3147
582
4534
2514
1205
3149
583
4535
2517
1203
3151
583
4536
2520
1201
3153
583
4537
2523
1199
3156
582
4538
2526
1197
3157
583
4539
2530
1195
3160
582
4539
2532
1194
3163
583
4540
2535
1191
3165
583
4541
2538
1190
3168
582
4541
2540
1188
3171
583
4542
2543
1186
3174
583
4543
2545
1184
3177
583
4543
2547
1182
3180
583
4543
2550
1181
3183
583
4544
2552
1179
3186
583
4545
2555
1177
3189
583
4545
2557
1175
3192
584
4545
2560
1174
3196
583
4546
2562
1172
3199
584
4546
2564
1170
3202
583
4546
2566
1169
3205
584
4546
2569
1167
3208
584
4546
2571
1166
3212
584
4546
2573
1164
3215
584
4546
2575
1162
3218
584
4546
2577
1160
3221
584
4546
2579
1158
3224
584
4547
2581
1156
3227
584
4547
2582
1155
3230
584
4547
2585
1153
3235
584
4548
2586
1151
3238
585
4548
2588
1149
3241
585
4548
2590
1147
3245
585
4548
2593
1146
3248
584
4549
2594
1143
3251
585
4549
2596
1141
3254
584
4549
2598
1139
3256
585
4549
2600
1137
3259
585
4549
2602
1136
3261
584
4550
2603
1133
3264
585
4550
2605
1131
3266
585
4550
2606
1129
3269
584
4551
2609
1127
3271
585
4551
2610
1125
3273
585
4552
2611
1122
3275
585
4552
2613
1120
3278
585
4553
2615
1118
3281
585
4553
2617
1116
3283
585
4553
2618
1113
3285
585
4554
2620
1111
3286
585
4554
2622
1108
3289
585
4555
2624
1106
3291
585
4555
2626
1103
3292
585
4555
2628
1100
3294
585
4556
2630
1098
3296
585
4556
2632
1095
3296
585
4557
2634
1092
3298
585
4557
2636
1089
3299
585
4558
2638
1086
3301
585
4558
2641
1084
3303
585
4558
2643
1081
3304
585
4558
2646
1078
3305
585
4559
2648
1075
3306
585
4560
2651
1072
3307
585
4560
2653
1069
3308
585
4560
2657
1066
3309
586
4560
2660
1062
3310
585
4562
2663
1059
3311
585
4562
2666
1056
3312
585
4562
2669
1054
3313
586
4563
2672
1050
3314
586
4563
2675
1047
3315
585
4564
2678
1044
3316
586
4564
2681
1040
3317
585
4565
2684
1036
3318
586
4564
2688
1033
3319
585
4565
2692
1030
3320
586
4565
2695
1026
3320
586
4565
2698
1022
3321
586
4565
2702
1019
3321
585
4565
2705
1015
3323
586
4565
2709
1012
3323
586
4565
2712
1008
3324
586
4565
2716
1004
3325
586
4564
2719
999
3326
586
4565
2723
995
3328
586
4565
2727
992
3329
586
4565
2731
988
3330
586
4564
2734
984
3331
586
4564
2737
979
3332
587
4564
2740
975
3334
586
4564
2744
971
3335
586
4564
2748
965
3338
587
4563
2752
961
3340
587
4564
2755
957
3342
587
4563
2759
953
3344
587
4563
2762
949
3347
587
4562
2765
944
3349
587
4562
2769
940
3352
587
4562
2772
935
3354
587
4561
2776
931
3356
587
4561
2779
926
3359
588
4561
2783
922
3361
588
4560
2786
917
3364
588
4560
2790
913
3368
588
4559
2793
908
3370
588
4559
2796
903
3374
588
4559
2799
899
3377
588
4558
2803
894
3381
588
4558
2805
889
3384
588
4557
2809
884
3387
588
4557
2812
879
3391
588
4556
2815
874
3395
588
4556
2819
869
3399
589
4555
2821
864
3402
588
4555
2825
859
3406
588
4555
2828
854
3410
588
4555
2831
849
3413
589
4555
2834
844
3417
589
4554
2837
839
3421
589
4554
2840
834
3425
589
4554
2843
828
3428
589
4554
2846
823
3432
589
4554
2848
818
3436
589
4555
2851
812
3439
589
4556
2853
806
3443
589
4556
2856
800
3446
589
4556
2858
796
3448
589
4557
2861
789
3451
589
4558
2863
783
3453
589
4558
2866
778
3456
589
4559
2868
772
3458
589
4560
2871
766
3461
589
4560
2874
760
3464
589
4561
2877
754
3466
589
4562
2879
747
3468
589
4563
2882
742
3470
589
4563
2885
736
3472
589
4563
2887
731
3472
589
4564
2890
726
3473
589
4565
2892
720
3473
588
4565
2895
715
3473
589
4565
2898
709
3472
589
4566
2901
703
3472
589
4566
2904
697
3471
589
4566
2907
691
3470
589
4566
2910
686
3470
589
4566
2913
682
3469
589
4566
2915
679
3468
590
4566
2916
676
3468
590
4566
2918
674
3466
589
4566
2920
674
3466
589
4566
2922
676
3465
589
4566
2924
678
3464
589
4567
2925
681
3464
590
4567
2926
681
3463
589
4567
2926
684
3462
590
4567
2927
685
3462
590
4568
2926
688
3461
589
4568
2927
689
3461
590
4568
2926
692
3461
589
4569
2926
694
3461
589
4569
2926
696
3461
590
4569
2925
698
3462
590
4569
2925
699
3462
589
4569
2925
699
3462
590
4570
2925
700
3462
590
4570
2926
700
3462
589
4571
2926
700
3463
589
4571
2926
699
3462
589
4571
2926
699
3462
589
4572
2927
699
3463
590
4572
2927
698
3463
590
4573
2928
698
3463
590
4573
2929
697
3464
590
4574
2929
696
3464
589
4574
2931
696
3464
590
4574
2931
695
3464
589
4574
2932
694
3464
589
4574
2933
693
3464
589
4574
2935
692
3464
590
4574
2937
691
3464
589
4574
2939
691
3464
590
4574
2940
691
3464
590
4573
2942
691
3464
590
4573
2944
691
3463
590
4572
2945
690
3463
590
4571
2947
690
3462
590
4571
2949
690
3462
590
4570
2951
689
3461
589
4569
2953
688
3461
590
4567
2955
687
3461
590
4566
2957
686
3461
590
4565
2958
685
3461
590
4563
2960
685
3461
590
4562
2962
685
3461
590
4561
2965
685
3461
590
4560
2966
685
3461
590
4559
2968
684
3461
590
4558
2970
684
3460
590
4557
2973
684
3460
590
4556
2975
684
3459
590
4556
2977
684
3459
590
4555
2981
684
3458
590
4555
2983
684
3457
590
4554
2986
684
3456
590
4554
2989
684
3455
591
4553
2991
684
3453
591
4553
2994
684
3452
590
4552
2996
684
3450
590
4551
2999
684
3448
590
4551
3001
684
3446
590
4550
3003
684
3445
590
4550
3006
684
3442
590
4549
3007
684
3440
590
4549
3009
685
3438
590
4548
3011
684
3436
590
4548
3012
684
3434
590
4548
3013
684
3432
590
4548
3014
684
3430
590
4547
3015
684
3429
590
4547
3015
684
3428
590
4547
3014
684
3427
590
4547
3014
684
3426
590
4546
3014
684
3425
590
4546
3014
684
3425
590
4546
3014
684
3424
590
4546
3014
684
3423
590
4545
3014
684
3423
590
4545
3015
684
3423
590
4544
3015
684
3423
590
4544
3015
684
3423
590
4543
3015
684
3423
590
4543
3015
684
3424
590
4542
3015
684
3424
590
4542
3015
684
3423
590
4541
3015
684
3424
590
4541
3015
684
3424
590
4541
3015
684
3425
590
4540
3015
684
3425
590
4540
3015
684
3425
590
4540
3015
684
3425
590
4540
3016
684
3426
590
4540
3016
684
3426
590
4540
3016
683
3426
590
4541
3016
684
3426
590
4540
3015
684
3427
590
4540
3016
684
3426
590
4540
3016
684
3427
590
4540
3016
684
3427
590
4540
3016
684
3427
590
4540
3016
684
3427
590
4540
3016
684
3427
590
4540
3016
684
3427
590
4540
3016
684
3427
590
4540
3016
683
3427
590
4540
3016
684
3427
590
4540
3016
684
3427
590
4540
3016
684
3427
590
4540
3016
684
3427
590
4541
3016
684
3427
590
4540
3016
684
3427
590
4540
3016
684
3427
589
4541
3016
684
3427
589
4540
3016
684
3426
589
4540
3016
684
3427
589
4540
3016
684
3426
588
4540
3016
684
3426
588
4540
3016
684
3426
587
4540
3016
684
3426
588
4540
3016
684
3427
587
4540
3016
684
3427
587
4540
3017
684
3427
586
4541
3017
684
3427
586
4541
3017
684
3427
585
4541
3017
684
3427
585
4541
3018
683
3427
584
4541
3018
684
3427
583
4541
3019
684
3427
583
4541
3019
684
3427
582
4541
3019
684
3427
581
4541
3020
684
3427
580
4542
3020
683
3427
579
4541
3020
683
3427
577
4541
3020
683
3427
575
4542
3020
683
3427
573
4541
3021
683
3427
571
4542
3021
683
3427
569
4542
3020
683
3427
567
4542
3020
683
3426
565
4541
3020
683
3427
562
4541
3020
683
3426
559
4541
3020
683
3426
557
4541
3020
683
3426
554
4541
3020
683
3426
552
4540
3020
683
3426
548
4540
3019
683
3425
545
4540
3019
683
3426
541
4540
3019
683
3425
538
4540
3018
683
3424
534
4540
3018
683
3423
531
4540
3018
683
3422
527
4539
3017
683
3422
524
4539
3017
683
3421
522
4539
3016
683
3419
520
4539
3016
683
3418
516
4539
3015
683
3417
515
4538
3013
683
3415
512
4538
3012
683
3414
510
4538
3010
683
3412
508
4537
3009
683
3410
506
4537
3006
683
3410
505
4536
3004
683
3409
504
4536
3002
683
3407
502
4535
2998
683
3406
502
4535
2995
683
3405
502
4535
2992
683
3405
502
4535
2988
683
3404
502
4534
2984
683
3403
502
4534
2980
683
3403
502
4534
2976
683
3403
502
4534
2971
684
3403
502
4533
2968
684
3403
502
4533
2963
684
3403
502
4533
2959
684
3404
503
4532
2954
685
3404
502
4532
2950
686
3405
502
4532
2945
686
3406
502
4532
2940
687
3407
503
4532
2936
688
3408
502
4532
2931
689
3410
502
4532
2928
689
3411
502
4532
2924
690
3413
502
4532
2920
691
3414
502
4532
2916
692
3416
502
4532
2912
693
3418
502
4532
2908
694
3420
502
4532
2903
695
3422
502
4532
2900
697
3424
502
4532
2895
698
3426
502
4532
2891
699
3428
502
4532
2887
700
3430
502
4532
2882
701
3432
502
4532
2878
702
3433
503
4533
2874
704
3435
502
4533
2870
705
3437
502
4533
2867
705
3439
502
4533
2862
705
3441
502
4533
2858
706
3443
502
4533
2854
707
3445
502
4533
2850
708
3446
502
4534
2846
710
3449
502
4534
2841
710
3451
503
4534
2837
710
3452
502
4534
2832
710
3454
503
4534
2827
711
3455
503
4534
2823
711
3457
503
4535
2818
711
3459
502
4535
2813
712
3460
503
4535
2808
712
3461
503
4536
2804
712
3463
502
4535
2799
713
3464
503
4536
2795
712
3466
503
4536
2790
712
3467
503
4536
2785
712
3467
503
4536
2781
712
3468
503
4537
2776
712
3469
503
4536
2771
712
3469
503
4537
2767
712
3470
503
4537
2762
712
3470
504
4537
2758
712
3471
504
4537
2754
712
3471
504
4537
2749
711
3471
504
4537
2745
711
3470
504
4537
2740
712
3470
504
4538
2736
711
3470
504
4538
2732
712
3470
503
4537
2727
712
3470
504
4537
2723
712
3470
504
4538
2718
711
3469
504
4538
2714
712
3469
504
4538
2710
712
3469
504
4538
2706
712
3468
504
4538
2702
711
3469
504
4538
2698
711
3468
504
4538
2694
711
3468
504
4538
2690
712
3468
504
4539
2687
711
3468
504
4539
2683
711
3467
504
4539
2679
711
3467
504
4539
2675
711
3467
504
4538
2671
711
3466
504
4539
2668
710
3465
504
4539
2663
711
3464
505
4538
2660
710
3463
504
4539
2655
710
3462
505
4539
2651
709
3460
505
4539
2647
709
3459
505
4539
2643
709
3458
505
4539
2640
708
3456
505
4539
2635
708
3454
505
4540
2632
707
3452
505
4540
2627
706
3450
505
4540
2624
706
3448
505
4540
2620
705
3446
505
4540
2616
705
3444
505
4540
2612
704
3441
505
4540
2608
704
3439
505
4540
2604
703
3436
505
4540
2600
702
3434
505
4540
2596
702
3431
505
4540
2591
701
3429
505
4539
2587
701
3425
505
4539
2583
700
3423
505
4539
2580
699
3420
505
4539
2576
699
3417
505
4539
2572
698
3414
505
4539
2568
698
3411
505
4539
2564
697
3407
505
4539
2560
697
3403
505
4539
2557
696
3401
505
4539
2553
695
3397
505
4538
2550
695
3394
505
4538
2547
694
3390
505
4538
2544
694
3387
505
4538
2540
693
3383
505
4538
2537
693
3379
505
4538
2534
692
3376
505
4538
2531
692
3373
505
4538
2526
691
3369
505
4538
2524
691
3366
505
4539
2521
690
3362
505
4539
2518
690
3359
505
4539
2515
690
3355
505
4539
2512
689
3352
505
4540
2509
688
3348
505
4540
2505
688
3344
505
4540
2502
688
3341
505
4540
2499
688
3337
505
4540
2495
688
3333
505
4540
2493
688
3330
505
4541
2489
688
3327
505
4541
2487
687
3323
505
4542
2483
687
3319
505
4542
2481
687
3316
505
4543
2477
687
3312
505
4543
2473
688
3309
505
4543
2470
687
3306
505
4544
2466
687
3302
505
4545
2463
687
3298
505
4545
2459
688
3296
505
4545
2455
687
3293
506
4546
2452
687
3290
505
4546
2447
687
3287
506
4546
2444
687
3284
505
4547
2440
687
3280
505
4547
2436
688
3277
505
4548
2432
687
3274
505
4548
2428
688
3271
505
4548
2425
687
3268
505
4548
2420
687
3264
505
4549
2416
687
3262
505
4549
2412
688
3259
505
4549
2408
688
3256
505
4549
2404
688
3253
505
4549
2401
687
3250
505
4549
2396
687
3248
505
4549
2391
687
3245
505
4549
2388
687
3243
505
4549
2385
687
3240
505
4549
2382
688
3238
505
4549
2377
687
3236
505
4549
2374
687
3234
505
4549
2371
687
3230
505
4549
2368
687
3228
505
4549
2364
687
3226
505
4549
2361
687
3224
505
4549
2358
687
3223
505
4549
2354
686
3221
505
4549
2351
686
3220
505
4549
2347
687
3218
505
4549
2344
687
3217
505
4549
2340
686
3216
505
4549
2337
687
3215
505
4549
2333
687
3215
505
4549
2329
687
3214
505
4549
2326
687
3213
505
4549
2324
686
3213
505
4549
2321
687
3213
505
4549
2318
686
3214
505
4549
2314
686
3214
505
4549
2312
686
3214
505
4549
2309
686
3214
505
4549
2305
686
3214
505
4550
2303
686
3214
505
4550
2300
686
3215
505
4550
2297
686
3215
505
4550
2295
686
3215
505
4550
2291
686
3216
505
4550
2289
686
3215
505
4550
2287
686
3216
505
4550
2283
686
3216
505
4550
2281
686
3217
505
4549
2279
686
3217
505
4549
2276
686
3218
505
4549
2274
686
3218
506
4549
2271
686
3219
506
4549
2268
686
3219
506
4548
2266
686
3219
506
4548
2264
686
3220
506
4548
2261
686
3220
506
4548
2259
686
3221
506
4547
2256
686
3221
507
4547
2254
686
3221
507
4546
2252
686
3222
507
4546
2250
686
3222
507
4546
2248
686
3222
507
4545
2246
686
3223
507
4545
2245
686
3224
507
4544
2243
686
3224
507
4543
2241
686
3224
507
4543
2239
686
3225
507
4542
2237
686
3226
508
4541
2236
686
3226
508
4540
2234
686
3227
508
4540
2233
686
3227
508
4539
2231
686
3228
508
4538
2229
686
3229
508
4537
2228
686
3230
508
4536
2227
686
3231
508
4535
2225
686
3233
508
4535
2224
686
3234
508
4534
2223
686
3235
508
4533
2222
686
3236
508
4532
2221
686
3238
508
4531
2220
686
3239
508
4530
2219
686
3240
508
4529
2219
686
3242
508
4527
2218
686
3243
508
4526
2217
686
3244
508
4525
2217
686
3246
508
4524
2217
686
3247
508
4522
2217
686
3248
509
4522
2216
686
3250
509
4520
2216
686
3251
509
4519
2216
686
3253
509
4517
2216
686
3254
510
4516
2215
686
3256
509
4515
2215
686
3257
510
4513
2214
686
3258
510
4512
2214
686
3258
510
4510
2214
686
3260
510
4508
2214
686
3261
510
4507
2214
686
3262
511
4505
2213
686
3263
511
4503
2213
686
3263
512
4501
2212
686
3263
512
4498
2212
686
3264
512
4497
2212
686
3265
512
4495
2211
686
3265
513
4494
2211
686
3266
513
4492
2210
686
3266
513
4490
2211
685
3266
513
4489
2210
686
3266
513
4487
2210
686
3267
513
4486
2210
685
3267
513
4484
2210
685
3268
513
4483
2210
685
3268
513
4482
2210
685
3268
513
4481
2210
685
3268
512
4479
2210
685
3268
512
4479
2210
685
3268
513
4478
2210
685
3268
512
4477
2210
685
3267
512
4476
2211
685
3267
512
4476
2211
685
3267
512
4475
2212
685
3267
512
4475
2212
685
3267
511
4475
2212
685
3267
510
4475
2212
685
3267
509
4475
2213
685
3266
509
4476
2213
685
3267
508
4476
2213
685
3267
508
4476
2213
685
3267
506
4476
2213
685
3268
505
4477
2213
685
3268
505
4477
2213
685
3268
504
4477
2213
685
3268
502
4479
2213
685
3269
501
4479
2213
685
3270
500
4480
2213
685
3270
499
4481
2213
685
3271
497
4482
2213
685
3271
495
4483
2213
685
3272
493
4484
2213
685
3272
491
4485
2213
685
3273
489
4486
2213
685
3273
486
4487
2213
685
3274
483
4488
2213
685
3274
481
4489
2213
685
3275
478
4490
2213
685
3275
475
4491
2213
686
3276
472
4492
2213
686
3277
469
4492
2212
686
3277
466
4492
2213
686
3278
463
4493
2213
686
3280
460
4494
2213
686
3281
457
4494
2213
686
3282
453
4495
2213
686
3284
451
4495
2212
686
3285
449
4495
2213
686
3285
446
4495
2212
686
3286
444
4495
2212
686
3286
442
4496
2212
686
3287
439
4496
2212
686
3288
437
4496
2212
686
3288
435
4497
2212
686
3288
433
4497
2212
686
3289
431
4497
2212
686
3289
430
4497
2211
686
3290
428
4497
2211
686
3290
427
4498
2211
686
3290
426
4498
2210
685
3289
425
4498
2211
686
3289
425
4498
2211
685
3289
424
4498
2211
685
3288
424
4498
2210
686
3288
425
4499
2210
685
3288
425
4498
2210
685
3288
425
4498
2210
686
3287
425
4498
2210
686
3287
426
4498
2210
685
3286
426
4498
2210
686
3286
426
4498
2210
686
3285
425
4497
2210
686
3285
426
4497
2210
686
3285
426
4497
2210
686
3284
425
4497
2210
686
3283
426
4497
2210
686
3283
425
4497
2210
686
3283
425
4497
2210
686
3282
425
4497
2210
686
3282
425
4498
2210
686
3282
425
4498
2210
686
3281
425
4498
2210
685
3281
425
4498
2210
686
3281
425
4499
2210
686
3281
425
4499
2210
686
3281
425
4499
2210
686
3281
425
4499
2210
686
3281
425
4499
2210
686
3281
424
4499
2210
686
3281
424
4499
2210
686
3281
424
4500
2210
685
3280
424
4500
2210
685
3280
424
4500
2210
686
3280
423
4501
2211
686
3280
423
4501
2210
686
3280
423
4502
2211
686
3280
423
4503
2210
686
3280
422
4503
2211
686
3280
422
4504
2211
686
3280
422
4504
2211
686
3280
421
4504
2211
686
3280
421
4506
2211
686
3281
421
4506
2211
686
3281
420
4507
2211
686
3281
420
4507
2211
686
3281
420
4508
2212
686
3281
419
4508
2211
686
3282
419
4508
2211
686
3283
418
4509
2211
687
3283
418
4509
2211
686
3283
417
4509
2211
686
3283
417
4509
2211
686
3284
416
4509
2211
687
3284
416
4509
2211
686
3285
416
4509
2211
686
3285
415
4509
2211
686
3285
414
4509
2210
687
3285
414
4509
2210
686
3286
413
4508
2210
686
3286
411
4509
2210
686
3286
411
4509
2210
686
3286
410
4509
2210
686
3286
409
4509
2210
686
3286
408
4509
2210
686
3287
408
4508
2209
686
3287
406
4509
2210
686
3288
406
4508
2209
686
3288
406
4508
2209
687
3288
405
4508
2209
686
3288
405
4509
2209
686
3289
405
4509
2209
686
3289
404
4509
2209
686
3290
404
4510
2209
686
3291
404
4510
2209
686
3291
404
4510
2209
686
3292
404
4511
2209
685
3292
404
4511
2209
685
3293
404
4511
2207
685
3293
404
4512
2207
685
3293
404
4512
2207
685
3293
405
4512
2207
686
3294
405
4512
2207
686
3294
406
4512
2206
686
3294
406
4513
2206
686
3294
407
4512
2206
686
3294
408
4513
2205
686
3294
409
4513
2205
686
3295
411
4513
2204
686
3296
411
4512
2204
686
3296
413
4512
2203
685
3296
414
4512
2203
685
3296
416
4512
2202
685
3296
417
4512
2203
685
3296
419
4512
2203
685
3296
422
4513
2203
685
3296
424
4513
2203
685
3296
427
4513
2204
685
3296
430
4513
2204
685
3296
432
4514
2204
685
3295
436
4514
2205
685
3295
439
4515
2205
685
3294
443
4515
2205
685
3293
447
4515
2205
685
3293
451
4515
2205
686
3293
455
4515
2205
686
3293
459
4514
2206
685
3293
464
4514
2206
686
3293
468
4514
2206
686
3292
473
4513
2206
686
3292
477
4513
2206
686
3293
481
4513
2206
686
3292
487
4513
2207
686
3292
491
4512
2207
686
3292
495
4512
2207
686
3292
501
4512
2207
686
3292
505
4512
2207
686
3292
509
4512
2207
686
3292
513
4511
2207
686
3292
518
4511
2207
686
3293
522
4510
2207
686
3293
527
4509
2207
686
3294
531
4508
2207
686
3294
535
4507
2207
686
3294
538
4506
2207
686
3294
542
4506
2206
686
3295
545
4504
2206
686
3295
548
4503
2206
686
3294
552
4503
2205
686
3294
555
4502
2205
686
3294
559
4501
2205
686
3293
561
4500
2204
686
3293
564
4498
2204
686
3292
566
4497
2203
686
3292
569
4496
2203
686
3292
572
4495
2202
686
3291
574
4494
2202
686
3291
577
4493
2202
686
3290
579
4492
2201
686
3290
581
4491
2200
686
3289
583
4489
2200
686
3288
585
4488
2199
686
3288
586
4487
2198
686
3287
588
4485
2198
686
3286
589
4484
2197
686
3285
590
4483
2197
686
3284
591
4481
2196
686
3284
592
4480
2195
686
3283
593
4478
2195
686
3281
593
4476
2194
686
3280
594
4476
2193
686
3279
594
4474
2193
686
3278
594
4472
2193
686
3277
594
4471
2192
686
3275
594
4470
2191
686
3273
594
4469
2191
686
3272
594
4468
2191
686
3271
594
4466
2190
686
3269
594
4465
2190
686
3268
594
4464
2189
686
3266
594
4463
2189
686
3265
593
4462
2188
686
3263
593
4461
2188
686
3262
594
4460
2188
686
3261
593
4459
2187
686
3260
593
4458
2187
686
3259
593
4457
2186
685
3258
593
4456
2186
686
3258
593
4455
2186
686
3257
593
4455
2186
686
3256
593
4455
2185
686
3256
593
4454
2185
686
3255
593
4453
2185
685
3254
593
4453
2185
686
3254
593
4453
2185
686
3253
593
4453
2185
685
3253
594
4452
2185
686
3253
593
4452
2185
686
3253
593
4452
2184
685
3253
593
4452
2185
685
3253
593
4452
2184
686
3254
593
4452
2184
685
3255
594
4453
2184
685
3255
593
4453
2184
685
3256
594
4454
2184
685
3257
594
4454
2183
686
3257
593
4454
2183
686
3258
594
4454
2183
686
3259
594
4454
2183
686
3260
594
4454
2182
686
3261
594
4454
2182
685
3262
594
4454
2181
686
3263
594
4454
2181
686
3264
594
4454
2180
686
3265
594
4454
2180
686
3265
594
4454
2179
686
3266
594
4454
2178
686
3267
594
4454
2177
686
3267
594
4453
2177
686
3267
595
4453
2176
686
3268
595
4452
2176
686
3268
596
4452
2176
686
3268
596
4452
2176
686
3269
596
4452
2175
686
3270
596
4451
2175
686
3271
597
4451
2175
686
3271
597
4451
2175
686
3272
597
4450
2175
686
3273
598
4450
2174
686
3273
598
4450
2174
686
3274
599
4449
2174
686
3275
599
4449
2174
686
3275
599
4447
2173
686
3276
600
4447
2173
686
3276
600
4447
2173
686
3276
601
4445
2172
686
3277
601
4445
2172
686
3278
602
4444
2172
686
3278
603
4444
2173
686
3279
604
4442
2172
686
3279
604
4442
2172
686
3280
605
4440
2172
686
3280
606
4439
2172
686
3281
607
4439
2172
686
3281
608
4438
2172
686
3281
609
4436
2172
686
3281
610
4436
2171
686
3281
612
4435
2171
686
3281
613
4434
2170
686
3281
614
4433
2170
686
3281
615
4432
2170
686
3281
617
4431
2169
686
3281
618
4430
2169
686
3281
620
4430
2169
686
3281
622
4429
2168
686
3282
623
4429
2168
686
3281
625
4428
2168
686
3281
627
4428
2168
686
3281
629
4427
2168
686
3281
631
4427
2168
686
3281
633
4427
2168
686
3281
635
4426
2168
686
3281
637
4427
2168
686
3282
639
4426
2168
686
3282
642
4427
2168
686
3283
644
4426
2168
686
3283
647
4427
2168
686
3283
650
4427
2169
686
3284
652
4427
2169
686
3284
655
4426
2169
686
3284
658
4427
2169
686
3285
661
4426
2169
686
3285
664
4426
2169
686
3285
667
4425
2169
687
3286
671
4425
2169
686
3286
673
4425
2169
687
3286
676
4425
2169
687
3286
680
4425
2169
686
3287
684
4424
2170
686
3287
687
4424
2170
686
3287
691
4424
2170
687
3288
695
4424
2169
686
3288
699
4424
2169
687
3288
704
4424
2169
686
3289
708
4424
2169
687
3289
712
4423
2169
687
3289
717
4423
2169
687
3289
722
4422
2169
686
3290
726
4422
2169
687
3290
731
4422
2169
686
3290
736
4421
2169
687
3290
741
4421
2169
687
3290
746
4420
2169
686
3291
752
4419
2169
686
3291
757
4419
2169
687
3292
762
4418
2169
686
3292
768
4418
2169
687
3292
773
4417
2169
687
3293
779
4417
2169
687
3293
784
4416
2169
687
3293
790
4415
2169
687
3294
796
4415
2169
687
3295
802
4414
2169
687
3295
808
4414
2169
687
3296
814
4413
2169
687
3296
821
4413
2169
687
3296
827
4412
2169
687
3297
833
4411
2169
687
3298
840
4411
2169
688
3298
846
4411
2169
687
3298
853
4410
2169
687
3299
859
4410
2166
688
3298
864
4409
2168
688
3298
871
4409
2169
686
3301
878
4408
2170
686
3302
884
4408
2170
686
3303
891
4407
2170
688
3304
897
4407
2169
689
3303
904
4407
2169
689
3303
911
4407
2169
689
3303
918
4406
2169
690
3303
925
4405
2170
690
3304
932
4405
2170
689
3304
939
4405
2170
689
3305
945
4405
2170
688
3305
952
4404
2171
688
3306
958
4405
2171
688
3306
964
4404
2170
689
3306
970
4404
2170
690
3306
975
4404
2170
690
3306
981
4404
2170
690
3306
987
4404
2171
690
3306
992
4404
2171
690
3306
997
4404
2171
690
3306
1002
4404
2172
690
3306
1007
4404
2171
690
3306
1012
4404
2172
690
3307
1017
4404
2172
690
3307
1022
4404
2172
690
3307
1027
4404
2172
690
3307
1031
4403
2172
691
3307
1035
4404
2172
690
3307
1039
4403
2173
691
3307
1043
4403
2173
691
3307
1046
4403
2174
691
3307
1050
4402
2174
691
3307
1052
4402
2174
691
3306
1054
4402
2174
691
3306
1057
4401
2175
691
3306
1059
4402
2175
691
3306
1060
4401
2175
691
3305
1062
4401
2175
691
3306
1062
4401
2175
691
3305
1062
4400
2175
691
3305
1062
4401
2175
691
3305
1062
4401
2175
691
3305
1062
4400
2176
691
3305
1061
4401
2175
691
3304
1060
4400
2175
691
3304
1060
4400
2176
691
3303
1059
4400
2176
691
3303
1058
4400
2176
691
3303
1058
4400
2176
691
3302
1057
4400
2176
691
3302
1056
4400
2175
691
3301
1056
4400
2176
692
3301
1056
4400
2176
691
3301
1055
4400
2176
691
3300
1055
4400
2176
691
3300
1055
4400
2176
691
3300
1055
4400
2176
691
3300
1055
4400
2176
692
3300
1055
4400
2176
692
3299
1054
4400
2176
691
3299
1055
4399
2176
692
3299
1054
4399
2176
692
3299
1055
4399
2176
693
3298
1054
4398
2177
692
3299
1054
4398
2177
691
3300
1054
4398
2177
691
3301
1055
4398
2177
692
3300
1054
4397
2177
693
3300
1054
4397
2177
693
3299
1054
4396
2178
693
3299
1054
4396
2178
694
3299
1055
4396
2178
693
3299
1054
4396
2178
693
3299
1054
4395
2178
693
3299
1054
4395
2178
694
3300
1055
4395
2178
693
3300
1055
4395
2178
694
3300
1054
4395
2178
694
3300
1054
4395
2178
694
3300
1054
4395
2178
694
3300
1055
4395
2178
693
3300
1055
4395
2179
693
3301
1054
4395
2178
693
3301
1055
4396
2178
693
3301
1055
4396
2178
693
3301
1054
4396
2178
692
3301
1054
4396
2179
692
3301
1054
4397
2179
691
3301
1054
4397
2179
692
3301
1054
4397
2179
691
3301
1054
4398
2180
691
3301
1054
4398
2180
691
3301
1054
4399
2180
690
3301
1054
4399
2180
690
3301
1054
4400
2180
690
3300
1054
4400
2181
689
3300
1054
4401
2181
689
3300
1054
4402
2181
688
3299
1054
4403
2181
688
3299
1054
4404
2181
687
3299
1054
4405
2182
686
3299
1054
4407
2182
686
3299
1054
4409
2182
686
3299
1054
4410
2182
686
3299
1054
4412
2181
686
3298
1053
4414
2181
686
3299
1054
4416
2182
686
3300
1054
4418
2182
686
3300
1053
4420
2181
686
3301
1054
4422
2181
686
3300
1053
4423
2181
687
3300
1053
4425
2181
687
3300
1053
4426
2181
687
3299
1053
4427
2181
687
3298
1053
4428
2181
687
3298
1053
4429
2181
687
3298
1052
4430
2182
688
3298
1053
4430
2181
688
3298
1052
4431
2182
688
3298
1053
4431
2182
688
3299
1052
4431
2182
688
3299
1053
4430
2183
688
3301
1052
4430
2184
688
3302
1052
4430
2184
688
3303
1052
4430
2185
688
3303
1053
4430
2187
688
3304
1053
4429
2188
688
3305
1052
4429
2189
688
3306
1052
4429
2191
688
3307
1052
4429
2193
688
3308
1052
4429
2195
688
3310
1052
4428
2197
687
3312
1052
4428
2199
687
3313
1052
4428
2201
687
3315
1052
4428
2203
687
3316
1052
4427
2205
687
3319
1052
4427
2207
687
3320
1052
4427
2209
687
3322
1052
4427
2210
687
3324
1052
4427
2212
687
3326
1052
4428
2214
687
3328
1052
4428
2216
687
3330
1052
4428
2217
686
3332
1052
4428
2218
687
3334
1052
4428
2220
686
3335
1052
4428
2221
686
3338
1052
4428
2222
686
3340
1052
4428
2224
686
3341
1052
4428
2225
686
3343
1053
4428
2226
687
3345
1052
4428
2227
687
3347
1052
4429
2228
686
3349
1052
4428
2230
687
3350
1052
4428
2232
686
3352
1053
4429
2233
686
3354
1053
4429
2233
686
3356
1052
4429
2235
687
3357
1052
4429
2236
686
3359
1052
4429
2237
686
3360
1053
4429
2239
686
3361
1052
4429
2240
686
3362
1052
4429
2242
686
3364
1052
4430
2243
686
3365
1052
4430
2245
686
3367
1052
4430
2246
686
3368
1052
4430
2248
686
3370
1052
4430
2250
686
3371
1052
4430
2252
686
3373
1052
4431
2254
686
3375
1052
4432
2256
686
3376
1052
4432
2259
686
3378
1052
4432
2261
686
3379
1052
4433
2264
687
3381
1052
4434
2267
686
3383
1052
4434
2269
686
3385
1052
4435
2274
686
3387
1052
4436
2277
687
3389
1052
4438
2280
686
3391
1053
4438
2283
686
3394
1053
4439
2285
686
3396
1052
4440
2288
686
3398
1053
4441
2291
686
3401
1052
4442
2294
687
3403
1052
4444
2296
686
3406
1052
4445
2299
687
3409
1052
4446
2302
686
3412
1052
4447
2305
686
3415
1053
4447
2308
686
3418
1052
4449
2311
687
3421
1052
4449
2314
687
3424
1053
4450
2316
687
3427
1053
4450
2319
687
3431
1053
4451
2322
687
3433
1053
4451
2325
687
3436
1053
4451
2328
687
3440
1053
4451
2331
687
3443
1052
4451
2334
687
3446
1053
4451
2338
687
3449
1053
4451
2342
687
3452
1053
4451
2345
687
3455
1053
4450
2349
687
3458
1053
4450
2352
688
3461
1054
4449
2356
688
3463
1053
4447
2359
687
3466
1053
4447
2362
688
3469
1053
4446
2366
688
3470
1053
4444
2370
688
3471
1053
4443
2374
688
3472
1053
4442
2377
688
3473
1053
4440
2381
687
3473
1053
4439
2385
687
3473
1053
4438
2388
687
3473
1053
4436
2391
687
3472
1053
4434
2394
686
3472
1053
4433
2397
686
3471
1053
4431
2401
686
3471
1053
4429
2404
686
3471
1053
4428
2407
686
3470
1053
4426
2410
687
3470
1053
4425
2412
686
3470
1053
4423
2414
686
3470
1053
4422
2416
686
3470
1053
4421
2419
687
3470
1053
4420
2421
686
3471
1053
4419
2423
686
3470
1053
4418
2426
686
3470
1053
4417
2429
686
3471
1053
4416
2431
686
3471
1053
4416
2433
686
3470
1053
4415
2436
686
3470
1053
4414
2438
686
3470
1053
4414
2440
686
3471
1053
4414
2442
687
3470
1054
4413
2445
686
3470
1053
4414
2447
687
3470
1053
4414
2449
687
3470
1053
4414
2452
687
3470
1053
4414
2454
687
3470
1053
4415
2458
687
3470
1053
4416
2461
687
3470
1053
4416
2464
687
3470
1054
4417
2467
687
3470
1054
4418
2471
688
3470
1054
4419
2474
688
3471
1053
4420
2478
688
3470
1054
4421
2482
688
3470
1053
4423
2486
688
3470
1054
4425
2489
687
3470
1053
4426
2494
687
3470
1053
4428
2498
687
3470
1053
4430
2502
687
3470
1054
4432
2507
687
3470
1053
4433
2511
687
3470
1053
4436
2515
687
3470
1054
4438
2520
688
3471
1053
4440
2525
687
3470
1054
4442
2531
687
3470
1054
4444
2535
687
3470
1053
4446
2540
687
3470
1053
4449
2544
687
3470
1054
4451
2550
687
3470
1054
4453
2554
687
3470
1054
4455
2559
688
3470
1053
4456
2563
688
3470
1054
4458
2568
688
3470
1054
4460
2574
688
3470
1054
4462
2578
687
3470
1054
4463
2584
687
3469
1054
4464
2589
687
3469
1054
4466
2595
688
3469
1054
4468
2600
687
3469
1054
4469
2606
687
3469
1054
4471
2611
687
3469
1054
4472
2617
687
3469
1053
4474
2622
687
3469
1054
4475
2627
687
3468
1054
4476
2632
687
3468
1054
4478
2637
687
3468
1054
4479
2643
687
3468
1054
4480
2648
687
3468
1054
4481
2654
687
3468
1054
4483
2660
687
3468
1054
4483
2666
687
3467
1054
4485
2670
687
3467
1054
4486
2676
687
3468
1054
4488
2682
687
3467
1054
4489
2687
687
3468
1054
4490
2693
686
3467
1054
4491
2698
687
3467
1054
4492
2703
687
3467
1054
4494
2709
687
3467
1054
4495
2714
687
3467
1054
4496
2719
687
3468
1053
4497
2726
687
3468
1053
4498
2731
687
3468
1053
4499
2736
687
3468
1053
4500
2742
687
3468
1053
4502
2747
687
3468
1053
4503
2752
687
3468
1053
4504
2757
687
3468
1053
4505
2763
687
3468
1053
4506
2768
687
3467
1054
4507
2773
686
3467
1054
4509
2779
686
3467
1054
4510
2784
687
3467
1054
4511
2790
687
3467
1054
4512
2795
686
3467
1054
4512
2799
687
3467
1054
4513
2805
686
3466
1054
4514
2810
686
3466
1054
4516
2814
686
3466
1054
4517
2820
686
3466
1054
4518
2824
686
3465
1054
4520
2830
686
3465
1054
4521
2834
686
3465
1053
4523
2839
686
3464
1053
4524
2844
686
3464
1054
4525
2848
686
3462
1054
4526
2853
686
3462
1054
4527
2858
686
3461
1054
4528
2862
686
3460
1054
4529
2867
686
3460
1054
4530
2872
686
3459
1054
4531
2877
686
3458
1054
4532
2881
686
3457
1054
4533
2886
686
3456
1054
4535
2892
686
3455
1054
4536
2896
686
3454
1054
4537
2901
686
3453
1053
4538
2905
686
3453
1054
4538
2910
686
3451
1053
4539
2914
686
3451
1054
4540
2918
686
3451
1054
4540
2922
686
3450
1054
4540
2927
686
3450
1054
4540
2931
686
3449
1053
4540
2936
686
3449
1054
4540
2940
686
3449
1054
4540
2944
686
3449
1054
4540
2948
686
3449
1054
4540
2952
686
3448
1053
4540
2957
686
3448
1054
4539
2961
686
3447
1054
4539
2966
686
3446
1053
4538
2970
686
3446
1054
4537
2974
686
3444
1054
4537
2979
686
3443
1054
4536
2984
686
3442
1054
4535
2988
686
3442
1054
4534
2993
686
3441
1054
4533
2997
686
3440
1054
4532
3003
686
3439
1054
4531
3008
686
3438
1054
4530
3013
686
3436
1054
4529
3018
686
3435
1054
4527
3023
686
3433
1054
4527
3024
686
3433
1053
4527
3028
686
3431
1054
4527
3032
686
3432
1053
4526
3035
686
3432
1054
4526
3037
685
3432
1054
4526
3039
685
3432
1054
4527
3039
686
3432
1054
4527
3038
685
3431
1054
4528
3037
686
3431
1054
4528
3036
685
3432
1053
4528
3034
686
3432
1054
4528
3033
686
3432
1053
4528
3030
686
3432
1054
4528
3029
686
3432
1053
4528
3028
686
3432
1054
4528
3027
686
3432
1054
4528
3026
686
3433
1054
4528
3024
686
3434
1054
4529
3023
686
3433
1054
4528
3022
686
3434
1054
4528
3021
687
3434
1054
4528
3021
686
3434
1054
4528
3021
686
3434
1054
4527
3021
687
3434
1054
4527
3021
686
3433
1054
4527
3022
686
3433
1054
4527
3022
686
3433
1054
4527
3023
686
3433
1054
4527
3023
686
3434
1054
4527
3024
686
3433
1054
4527
3023
686
3433
1054
4527
3024
686
3434
1054
4527
3024
686
3434
1054
4527
3024
686
3434
1054
4527
3024
686
3433
1054
4527
3024
686
3433
1054
4527
3024
686
3433
1054
4527
3024
686
3434
1054
4527
3024
686
3433
1054
4527
3024
686
3433
1054
4527
3024
686
3433
1054
4527
3024
686
3433
1054
4527
3025
686
3433
1054
4527
3024
686
3433
1054
4527
3024
686
3433
1054
4527
3024
686
3433
1054
4527
3024
686
3433
1054
4527
3025
686
3433
1054
4527
3025
686
3433
1054
4527
3024
686
3433
1054
4527
3025
686
3433
1054
4527
3024
686
3433
1054
4527
3024
686
3433
1054
4527
3024
686
3433
1054
4527
3024
686
3433
1054
4527
3024
686
3433
1054
4527
3024
686
3433
1053
4527
3025
686
3433
1054
4527
3024
686
3433
1054
4527
3025
687
3433
1054
4527
3024
686
3433
1054
4527
3024
686
3433
1054
4527
3024
686
3433
1054
4527
3024
686
3433
1054
4527
3024
686
3433
1053
4527
3025
686
3433
1054
4527
3024
686
3433
1054
4527
3025
686
3433
1054
4527
3025
686
3433
1054
4527
3024
686
3433
1054
4527
3024
686
3433
1054
4527
3024
686
3433
1054
4527
3024
686
3433
1054
4527
3024
686
3433
1054
4527
3025
686
3433
1054
4527
3025
686
3433
1054
4527
3024
686
3433
1054
4527
3024
686
3433
1054
4527
3024
686
3433
1054
4527
3024
686
3433
1054
4527
3024
686
3433
1054
4527
3024
686
3433
1054
4527
3025
686
3433
1054
4527
3025
686
3433
1054
4527
3025
686
3433
1054
4527
3024
686
3433
1053
4527
3024
686
3433
1054
4527
3024
686
3433
1054
4527
3024
686
3433
1054
4527
3025
686
3433
1054
4527
3024
686
3433
1054
4527
3024
686
3433
1054
4527
3024
686
3433
1054
4527
3024
686
3433
1054
4527
3024
686
3433
1054
4527
3024
686
3433
1054
4527
3025
686
3433
1054
4527
3024
686
3433
1054
4527
3024
686
3433
1054
4527
3025
686
3433
1054
4527
3024
686
3433
1054
4527
3025
686
3433
1054
4527
3024
686
3433
1054
4527
3025
686
3433
1054
4527
3024
686
3433
1054
4527
3025
686
3433
1054
4527
3024
686
3433
1054
4527
3024
686
3433
1054
4527
3024
687
3433
1053
4527
3024
686
3433
1054
4527
3024
686
3433
1054
4527
3024
686
3433
1054
4527
3024
686
3433
1054
4527
3025
686
3433
1054
4527
3024
686
3433
1054
4527
3024
686
3433
1054
4527
3024
686
3433
1054
4527
3024
686
3433
1054
4527
3024
686
3433
1054
4527
3024
686
3433
1054
4527
3024
686
3433
1053
4527
3024
686
3433
1053
4527
3024
686
3433
1053
4527
3024
686
3433
1054
4527
3024
686
3433
1054
4527
3024
686
3433
1054
4527
3025
686
3433
1053
4527
3025
686
3433
1054
4527
3025
686
3433
1054
4527
3024
686
3433
1054
4527
3024
686
3433
1053
4527
3024
686
3433
1054
4527
3024
686
3433
1054
4527
3024
686
3433
1054
4527
3025
686
3433
1054
4527
3024
686
3433
1054
4527
3024
686
3433
1054
4527
3025
686
3433
1054
4527
3025
686
3433
1054
4527
3024
686
3433
1054
4527
3024
686
3433
1054
4527
3025
686
3433
1054
4527
3024
686
3433
1054
4527
3024
686
3433
1054
4527
3024
686
3433
1054
4527
3024
686
3433
1054
4527
3024
686
3433
1053
4527
3024
686
3433
1054
4527
3024
686
3433
1054
4527
3024
686
3433
1054
4527
3025
686
3433
1054
4527
3024
686
3433
1054
4527
3025
686
3433
1054
4527
3024
686
3433
1053
4527
3024
686
3433
1054
4527
3025
686
3433
1054
4527
3025
686
3433
1054
4527
3025
686
3433
1053
4527
3024
686
3433
1054
4527
3025
686
3433
1054
4527
3024
686
3433
1054
4527
3024
686
3433
1054
4527
3024
686
3433
1054
4527
3024
686
3433
1054
4527
3025
686
3433
1054
4527
3024
686
3433
1053
4527
3024
686
3433
1053
4527
3024
686
3433
1053
4527
3025
686
3433
1053
4527
3024
686
3433
1054
4527
3025
686
3433
1054
4527
3024
686
3433
1054
4527
3024
686
3433
1053
4527
3024
686
3433
1054
4527
3024
686
3434
1053
4527
3024
686
3433
1053
4527
3024
686
3433
1054
4527
3024
686
3433
1053
4527
3024
686
3433
1053
4527
3025
686
3433
1054
4527
3025
686
3433
1053
4527
3024
686
3433
1054
4527
3024
686
3433
1054
4527
3024
686
3433
1054
4527
3024
686
3433
1054
4527
3024
686
3433
1053
4527
3025
686
3433
1054
4527
3024
686
3433
1054
4527
3024
686
3433
1054
4527
3024
686
3433
1053
4527
3024
686
3433
1053
4527
3024
686
3433
1054
4527
3024
686
3433
1054
4527
3024
686
3433
1054
4527
3024
686
3433
1053
4527
3024
686
3433
1054
4527
3024
686
3433
1054
4527
3024
686
3433
1054
4527
3024
686
3433
1054
4527
3025
686
3433
1054
4527
3024
686
3433
1053
4527
3024
686
3433
1054
4527
3025
686
3433
1054
4528
3024
686
3433
1054
4527
3024
686
3433
1054
4527
3024
686
3433
1054
4527
3024
686
3433
1054
4527
3025
686
3433
1054
4527
3024
686
3433
1054
4527
3024
686
3433
1053
4527
3024
686
3433
1054
4527
3025
686
3433
1053
4527
3025
686
3433
1054
4527
3024
686
3433
1053
4527
3024
686
3433
1054
4527
3024
686
3433
1054
4527
3024
686
3433
1054
4527
3024
686
3433
1054
4527
3025
686
3433
1054
4527
3024
686
3433
1054
4527
3024
686
3433
1053
4527
3024
687
3433
1053
4527
3024
686
3433
1053
4527
3025
686
3433
1053
4527
3024
686
3433
1054
4527
3024
686
3434
1054
4527
3024
686
3433
1054
4527
3025
686
3433
1054
4527
3024
686
3433
1054
4527
3024
686
3433
1054
4527
3024
686
3433
1054
4527
3025
686
3433
1053
4527
3024
686
3433
1054
4527
3024
686
3433
1054
4527
3024
686
3433
1054
4527
3025
686
3433
1054
4527
3024
686
3434
1054
4527
3024
686
3433
1054
4527
3024
686
3433
1054
4527
3025
686
3434
1054
4527
3025
686
3433
1053
4527
3024
686
3433
1054
4527
3024
686
3433
1054
4527
3024
686
3433
1054
4527
3025
686
3433
1054
4527
3024
686
3433
1053
4527
3025
686
3433
1054
4527
3024
686
3433
1054
4527
3024
686
3433
1054
4527
3024
686
3433
1054
4527
3024
686
3433
1054
4527
3025
686
3433
1054
4527
3024
686
3433
1054
4527
3024
686
3433
1054
4527
3024
686
3433
1054
4527
3024
686
3433
1054
4527
3024
686
3433
1054
4527
3024
686
3433
1054
4527
3024
686
3433
1054
4527
3024
686
3433
1054
4527
3024
686
3433
1053
4527
3024
686
3433
1053
4527
3024
686
3433
1054
4527
3025
686
3433
1054
4527
3024
686
3433
1054
4527
3024
686
3433
1054
4527
3025
686
3433
1054
4527
3025
686
3433
1054
4527
3024
686
3433
1054
4527
3024
686
3433
1053
4527
3025
686
3433
1054
4527
3024
686
3433
1054
4527
3024
686
3433
1054
4527
3024
686
3433
1054
4527
3024
686
3433
1054
4527
3024
686
3433
1054
4527
3025
686
3433
1054
4527
3025
686
3433
1054
4527
3024
686
3433
1053
4527
3025
686
3433
1054
4527
3024
686
3433
1054
4527
3024
686
3433
1054
4527
3025
686
3433
1054
4527
3024
686
3433
1054
4527
3025
686
3433
1054
4527
3024
686
3433
1054
4527
3024
686
3433
1054
4527
3024
686
3433
1054
4527
3024
686
3433
1054
4527
3024
686
3433
1054
4527
3024
686
3433
1054
4527
3024
686
3433
1054
4527
3025
686
3433
1054
4527
3024
686
3433
1053
4527
3025
686
3433
1054
4527
3024
686
3433
1054
4527
3024
686
3433
1054
4527
3024
686
3433
1054
4527
3024
686
3433
1054
4527
3024
686
3433
1054
4527
3025
686
3433
1054
4527
3025
686
3433
1054
4527
3024
686
3433
1054
4527
3025
686
3433
1054
4527
3024
686
3433
1053
4527
3024
686
3433
1054
4527
3025
686
3433
1054
4527
3025
686
3433
1054
4527
3024
686
3433
1054
4527
3024
686
3433
1054
4527
3024
686
3433
1054
4527
3024
686
3433
1054
4527
3025
686
3433
1054
4527
3025
686
3433
1054
4527
3025
686
3433
1054
4527
3025
686
3433
1054
4527
3024
686
3433
1054
4527
3025
686
3433
1053
4527
3024
686
3433
1054
4527
3024
686
3433
1054
4527
3025
686
3433
1054
4527
3024
686
3433
1054
4527
3024
686
3433
1054
4527
3025
686
3433
1054
4527
3024
686
3433
1054
4527
3024
686
3433
1054
4527
3024
686
3433
1054
4527
3024
686
3433
1053
4527
3024
686
3433
1054
4527
3024
686
3433
1054
4527
3025
686
3433
1054
4527
3024
686
3433
1054
4527
3024
686
3433
1053
4527
3025
686
3433
1054
4527
3025
686
3433
1054
4527
3024
686
3433
1054
4527
3024
686
3433
1054
4527
3025
686
3433
1054
4527
3024
686
3433
1054
4527
3025
686
3433
1054
4527
3024
686
3433
1054
4527
3024
686
3433
1054
4527
3024
686
3433
1054
4527
3025
686
3433
1054
4527
3024
686
3433
1054
4527
3024
686
3434
1054
4527
3025
686
3433
1054
4527
3024
686
3433
1054
4527
3024
686
3433
1054
4527
3025
686
3433
1054
4527
3025
686
3433
1054
4527
3024
686
3433
1054
4527
3025
686
3433
1053
4527
3024
686
3433
1054
4527
3025
686
3433
1054
4527
3024
686
3434
1054
4527
3024
686
3433
1054
4527
3024
686
3433
1054
4527
3025
686
3433
1054
4527
3024
686
3433
1054
4527
3025
686
3433
1054
4527
3025
686
3433
1054
4527
3025
686
3433
1054
4527
3025
686
3434
1054
4527
3024
686
3433
1054
4527
3024
686
3434
1054
4527
3024
686
3433
1054
4527
3025
686
3433
1054
4527
3024
686
3433
1054
4527
3025
686
3433
1054
4527
3024
686
3433
1054
4527
3025
686
3433
1054
4527
3024
686
3433
1054
4527
3024
686
3433
1054
4527
3024
686
3433
1054
4527
3024
686
3433
1054
4527
3024
686
3433
1054
4527
3024
686
3433
1054
4527
3025
686
3433
1054
4527
3024
686
3433
1054
4528
3024
686
3433
1054
4527
3024
686
3433
1054
4527
3025
686
3434
1054
4527
3024
686
3433
1054
4527
3024
686
3433
1054
4527
3024
686
3433
1054
4527
3025
686
3433
1054
4527
3025
686
3433
1053
4527
3024
686
3433
1054
4527
3024
686
3433
1054
4527
3025
686
3433
1054
4527
3025
686
3433
1054
4527
3024
686
3433
1054
4527
3024
686
3433
1054
4527
3025
686
3433
1054
4527
3024
686
3433
1054
4527
3024
686
3433
1054
4527
3024
686
3433
1054
4527
3024
686
3433
1054
4527
3025
686
3433
1054
4527
3024
686
3433
1054
4527
3025
686
3433
1054
4527
3025
686
3433
1054
4527
3024
686
3433
1054
4527
3025
686
3433
1054
4527
3024
686
3433
1054
4527
3025
686
3433
1054
4527
3025
686
3433
1054
4527
3025
686
3433
1054
4527
3024
686
3434
1054
4527
3025
686
3434
1054
4527
3024
686
3433
1053
4527
3024
686
3433
1054
4527
3024
686
3433
1054
4527
3024
686
3433
1054
4527
3024
686
3434
1054
4527
3025
686
3433
1054
4527
3024
686
3433
1053
4527
3024
686
3433
1054
4527
3024
686
3433
1054
4527
3024
686
3433
1054
4527
3025
686
3433
1054
4527
3024
686
3433
1054
4527
3024
686
3433
1054
4527
3024
686
3433
1054
4527
3025
686
3433
1054
4527
3024
686
3433
1054
4527
3024
686
3433
1054
4527
3025
686
3433
1054
4527
3025
686
3433
1054
4527
3024
686
3433
1054
4527
3025
686
3433
1054
4527
3024
686
3433
1054
4527
3024
686
3433
1054
4527
3025
686
3433
1054
4527
3025
686
3433
1054
4527
3024
686
3433
1054
4527
3024
686
3433
1053
4527
3024
686
3433
1054
4527
3025
686
3433
1054
4527
3025
686
3433
1054
4527
3024
686
3433
1054
4527
3024
686
3433
1054
4527
3024
686
3433
1054
4527
3024
686
3433
1054
4527
3024
686
3433
1054
4527
3025
686
3433
1054
4527
3025
686
3433
1054
4527
3025
686
3433
1054
4527
3024
686
3433
1054
4527
3024
686
3433
1054
4527
3025
686
3433
1054
4527
3024
686
3433
1054
4527
3025
686
3433
1054
4527
3024
686
3433
1054
4527
3025
686
3433
1053
4527
3024
686
3433
1054
4527
3025
686
3433
1054
4527
3024
686
3433
1054
4527
3024
686
3433
1054
4527
3024
686
3433
1054
4527
3025
686
3433
1054
4527
3025
686
3433
1054
4527
3024
686
3433
1054
4527
3024
686
3433
1054
4527
3024
686
3433
1054
4527
3024
686
3433
1054
4527
3025
686
3433
1054
4527
3024
686
3433
1054
4527
3025
686
3433
1054
4527
3024
686
3433
1054
4527
3025
686
3433
1054
4527
3024
686
3433
1054
4527
3024
686
3433
1053
4527
3024
686
3433
1054
4527
3024
686
3433
1054
4527
3024
686
3433
1054
4527
3025
686
3433
1054
4527
3025
686
3433
1054
4527
3024
686
3433
1054
4527
3024
686
3433
1054
4527
3024
686
3433
1054
4527
3025
686
3433
1054
4527
3025
686
3433
1054
4527
3024
686
3433
1054
4527
3024
686
3433
1054
4527
3024
686
3433
1054
4527
3025
686
3433
1054
4527
3024
686
3433
1054
4527
3024
686
3433
1054
4527
3024
686
3433
1054
4527
3024
686
3433
1053
4527
3024
686
3433
1054
4527
3024
686
3433
1054
4527
3024
686
3433
1054
4527
3024
686
3433
1054
4527
3024
686
3433
1054
4527
3024
686
3433
1054
4527
3025
686
3433
1054
4527
3024
686
3433
1054
4527
3024
686
3433
1054
4527
3025
686
3433
1053
4527
3025
686
3433
1054
4527
3025
686
3433
1054
4527
3024
686
3433
1054
4527
3025
686
3433
1054
4527
3025
686
3433
1054
4527
3024
686
3433
1054
4527
3024
686
3433
1054
4527
3024
686
3433
1054
4527
3024
686
3433
1054
4527
3025
686
3433
1054
4527
3025
686
3433
1054
4527
3024
686
3433
1054
4527
3025
686
3433
1054
4527
3024
686
3433
1054
4527
3024
686
3433
1054
4527
3025
686
3433
1054
4527
3025
686
3433
1054
4527
3024
686
3433
1054
4527
3025
686
3433
1054
4527
3025
686
3433
1054
4527
3025
686
3433
1054
4527
3024
686
3433
1054
4527
3025
686
3433
1054
4527
3024
686
3433
1054
4527
3024
686
3433
1054
4527
3024
686
3433
1054
4527
3024
686
3433
1054
4527
3024
686
3433
1054
4527
3025
686
3433
1054
4527
3024
686
3433
1054
4527
3024
686
3433
1054
4527
3024
686
3433
1054
4527
3025
686
3433
1054
4527
3024
686
3433
1054
4527
3024
686
3433
1054
4527
3025
686
3433
1054
4527
3024
686
3433
1054
4527
3025
686
3433
1054
4527
3024
686
3433
1054
4527
3025
686
3433
1054
4527
3024
686
3433
1054
4527
3024
686
3433
1054
4527
3024
686
3433
1054
4527
3025
686
3433
1054
4527
3025
686
3433
1054
4527
3025
686
3433
1054
4527
3025
686
3433
1054
4527
3024
686
3433
1054
4527
3024
686
3433
1054
4527
3025
686
3433
1054
4527
3025
686
3433
1054
4527
3025
686
3433
1054
4527
3024
686
3433
1054
4527
3024
686
3433
1054
4527
3025
686
3433
1054
4527
3024
686
3433
1054
4527
3024
686
3433
1054
4527
3024
686
3433
1054
4527
3025
686
3433
1054
4527
3024
686
3433
1054
4527
3024
686
3433
1054
4527
3024
686
3433
1054
4527
3024
686
3433
1054
4527
3024
686
3433
1054
4527
3024
686
3433
1054
4527
3024
686
3433
1054
4527
3024
686
3433
1054
4527
3025
686
3434
1054
