3135
2089
2266
2748
1063
3135
2088
2266
2748
1063
3135
2089
2265
2748
1063
3135
2089
2265
2747
1063
3135
2088
2265
2748
1063
3135
2088
2265
2747
1063
3135
2088
2265
2748
1063
3134
2089
2265
2747
1063
3135
2088
2265
2748
1063
3135
2089
2264
2748
1063
3135
2088
2264
2748
1063
3135
2089
2264
2748
1063
3135
2088
2265
2748
1063
3135
2089
2264
2748
1063
3135
2088
2264
2748
1063
3135
2089
2264
2748
1063
3135
2089
2264
2748
1063
3135
2089
2264
2748
1063
3135
2088
2264
2748
1063
3135
2089
2264
2748
1063
3135
2089
2264
2747
1063
3135
2089
2264
2748
1063
3135
2089
2264
2748
1063
3135
2088
2264
2748
1063
3135
2089
2264
2747
1063
3135
2089
2264
2748
1063
3135
2089
2264
2748
1063
3135
2089
2264
2748
1063
3135
2089
2264
2748
1063
3135
2089
2264
2748
1063
3135
2088
2264
2748
1063
3135
2089
2264
2748
1063
3135
2089
2264
2748
1063
3135
2089
2264
2748
1063
3135
2089
2264
2748
1063
3135
2089
2264
2748
1063
3135
2088
2264
2748
1063
3135
2089
2264
2747
1063
3135
2088
2264
2748
1063
3135
2089
2264
2748
1063
3135
2089
2263
2748
1063
3135
2088
2264
2748
1062
3135
2088
2264
2748
1063
3134
2089
2264
2748
1063
3135
2088
2263
2748
1063
3135
2088
2264
2748
1063
3135
2089
2263
2748
1063
3134
2089
2263
2748
1063
3135
2089
2263
2747
1063
3135
2088
2263
2748
1063
3135
2088
2263
2747
1063
3135
2088
2264
2748
1063
3135
2089
2263
2748
1063
3135
2088
2263
2748
1063
3135
2089
2263
2748
1063
3134
2089
2263
2748
1063
3135
2088
2263
2748
1063
3135
2088
2263
2748
1063
3134
2089
2263
2748
1063
3135
2089
2264
2748
1063
3135
2089
2263
2748
1063
3135
2088
2263
2748
1063
3135
2089
2263
2748
1063
3135
2088
2263
2748
1063
3135
2089
2263
2748
1063
3135
2089
2263
2747
1063
3134
2089
2263
2748
1063
3135
2089
2263
2748
1063
3135
2089
2262
2748
1063
3135
2089
2263
2748
1063
3135
2089
2262
2748
1063
3135
2089
2262
2748
1063
3135
2089
2262
2748
1063
3135
2089
2262
2748
1063
3135
2089
2262
2748
1063
3135
2089
2262
2748
1063
3135
2089
2262
2748
1063
3135
2089
2262
2748
1063
3135
2089
2262
2748
1063
3134
2089
2262
2748
1063
3134
2089
2262
2748
1063
3134
2089
2262
2748
1063
3134
2089
2262
2748
1063
3134
2089
2262
2748
1063
3134
2089
2262
2748
1063
3134
2089
2262
2748
1063
3134
2089
2262
2748
1063
3134
2089
2262
2748
1063
3134
2089
2262
2748
1063
3134
2089
2262
2748
1063
3134
2089
2262
2748
1063
3134
2089
2262
2748
1063
3134
2088
2262
2748
1063
3134
2089
2262
2748
1063
3134
2089
2262
2748
1063
3134
2089
2262
2748
1063
3134
2089
2261
2748
1063
3135
2089
2262
2748
1063
3134
2089
2261
2748
1063
3134
2089
2262
2748
1063
3135
2089
2261
2748
1063
3135
2089
2261
2748
1063
3135
2088
2261
2748
1063
3135
2089
2261
2748
1063
3135
2089
2261
2748
1063
3135
2088
2261
2748
1063
3135
2089
2261
2747
1063
3135
2089
2261
2748
1063
3135
2089
2261
2748
1063
3134
2089
2261
2747
1063
3135
2089
2261
2748
1063
3135
2089
2261
2747
1063
3135
2089
2261
2748
1063
3135
2089
2261
2748
1063
3135
2089
2261
2747
1063
3135
2088
2261
2748
1063
3135
2089
2261
2748
1063
3135
2089
2261
2748
1062
3135
2089
2260
2748
1063
3135
2088
2260
2748
1063
3135
2089
2260
2748
1063
3135
2089
2260
2748
1063
3135
2089
2260
2748
1063
3135
2089
2259
2747
1063
3135
2089
2258
2748
1063
3135
2089
2258
2748
1063
3135
2089
2257
2748
1063
3136
2089
2257
2748
1063
3136
2089
2256
2748
1063
3136
2089
2255
2748
1063
3137
2088
2254
2748
1063
3137
2089
2253
2748
1063
3137
2089
2252
2747
1063
3138
2089
2251
2747
1063
3138
2089
2250
2748
1063
3139
2089
2248
2748
1063
3139
2089
2247
2747
1063
3140
2089
2245
2748
1063
3140
2090
2244
2747
1063
3141
2090
2242
2747
1063
3142
2090
2241
2747
1063
3142
2090
2239
2748
1063
3142
2091
2238
2748
1063
3142
2091
2236
2748
1063
3143
2091
2234
2748
1063
3143
2092
2232
2747
1063
3143
2092
2230
2748
1063
3144
2092
2228
2748
1063
3144
2092
2226
2747
1063
3145
2092
2224
2748
1063
3145
2093
2221
2748
1063
3145
2092
2219
2749
1063
3145
2092
2216
2749
1063
3145
2093
2214
2750
1063
3146
2093
2212
2751
1063
3146
2093
2210
2751
1063
3146
2093
2208
2751
1063
3146
2093
2205
2751
1063
3146
2093
2203
2751
1063
3147
2093
2200
2752
1063
3147
2093
2198
2751
1063
3147
2094
2195
2752
1063
3147
2094
2193
2752
1063
3147
2094
2190
2752
1063
3147
2094
2188
2753
1062
3148
2094
2185
2753
1063
3148
2094
2183
2753
1063
3148
2094
2180
2754
1063
3148
2094
2177
2754
1063
3148
2094
2175
2754
1063
3148
2095
2173
2756
1063
3148
2095
2169
2756
1063
3148
2094
2167
2757
1063
3148
2094
2164
2757
1063
3148
2095
2161
2757
1063
3148
2095
2158
2758
1063
3148
2095
2155
2759
1063
3148
2095
2152
2759
1063
3149
2095
2148
2760
1063
3149
2095
2145
2761
1063
3149
2095
2141
2763
1063
3149
2095
2138
2763
1063
3149
2095
2134
2765
1063
3150
2095
2131
2766
1063
3150
2095
2127
2767
1063
3151
2095
2124
2768
1063
3151
2095
2120
2770
1063
3152
2095
2117
2771
1063
3153
2095
2113
2772
1063
3153
2095
2110
2774
1063
3154
2095
2106
2776
1063
3154
2095
2102
2778
1063
3155
2095
2098
2779
1063
3156
2095
2095
2781
1063
3156
2095
2091
2783
1063
3157
2095
2088
2785
1063
3158
2094
2084
2787
1063
3158
2094
2081
2789
1063
3159
2093
2077
2791
1063
3159
2093
2074
2794
1063
3160
2092
2070
2796
1063
3161
2092
2068
2799
1063
3161
2093
2064
2801
1063
3161
2091
2061
2803
1063
3162
2091
2057
2806
1063
3163
2091
2054
2808
1063
3163
2090
2050
2810
1063
3164
2090
2047
2812
1063
3165
2090
2043
2815
1063
3165
2089
2040
2818
1063
3166
2088
2037
2820
1063
3167
2088
2033
2823
1063
3168
2088
2030
2825
1062
3168
2087
2027
2828
1063
3169
2086
2023
2830
1063
3169
2085
2020
2833
1063
3170
2084
2015
2835
1063
3171
2083
2011
2837
1063
3172
2082
2008
2839
1062
3173
2081
2004
2842
1063
3174
2080
2000
2844
1063
3175
2079
1996
2846
1063
3175
2077
1993
2848
1063
3176
2076
1989
2851
1063
3176
2075
1985
2852
1063
3177
2073
1982
2855
1063
3177
2072
1978
2857
1063
3178
2071
1975
2859
1062
3178
2069
1971
2861
1063
3178
2068
1968
2863
1063
3179
2067
1964
2866
1063
3179
2066
1961
2869
1063
3179
2065
1958
2871
1063
3179
2063
1954
2873
1063
3179
2062
1951
2876
1063
3179
2061
1947
2878
1063
3179
2060
1944
2881
1063
3179
2059
1941
2883
1063
3179
2058
1938
2885
1063
3179
2056
1934
2887
1063
3180
2056
1932
2890
1063
3180
2054
1929
2892
1063
3180
2053
1926
2894
1063
3180
2053
1923
2896
1063
3180
2051
1921
2898
1063
3180
2050
1918
2901
1063
3180
2049
1916
2902
1063
3181
2048
1914
2904
1063
3180
2047
1912
2905
1063
3181
2046
1909
2907
1063
3180
2044
1906
2909
1063
3181
2043
1904
2910
1063
3181
2042
1901
2913
1063
3181
2040
1899
2915
1063
3181
2039
1897
2917
1063
3182
2038
1895
2919
1063
3182
2036
1893
2921
1063
3182
2035
1890
2923
1063
3182
2033
1889
2924
1063
3182
2032
1886
2926
1063
3183
2031
1885
2928
1063
3183
2029
1883
2930
1063
3183
2028
1882
2931
1063
3183
2026
1880
2932
1063
3183
2024
1879
2933
1063
3183
2023
1878
2935
1063
3183
2022
1877
2936
1063
3183
2020
1876
2937
1063
3183
2019
1875
2938
1063
3183
2018
1875
2939
1063
3183
2016
1874
2940
1063
3184
2015
1873
2941
1063
3184
2013
1873
2942
1063
3183
2012
1873
2943
1063
3183
2010
1872
2944
1063
3183
2009
1872
2944
1063
3184
2007
1872
2945
1063
3184
2005
1872
2946
1062
3183
2004
1872
2947
1063
3183
2002
1872
2948
1063
3184
2001
1872
2948
1063
3184
1999
1872
2949
1063
3184
1997
1872
2949
1063
3183
1995
1872
2949
1063
3183
1994
1872
2950
1063
3183
1992
1873
2950
1063
3183
1990
1873
2950
1063
3183
1988
1873
2950
1063
3184
1986
1874
2950
1063
3184
1984
1875
2951
1063
3184
1982
1875
2950
1063
3184
1981
1875
2950
1063
3184
1979
1876
2950
1063
3184
1977
1877
2950
1063
3183
1975
1877
2950
1063
3184
1973
1878
2950
1063
3183
1971
1879
2950
1063
3183
1970
1880
2950
1063
3183
1968
1881
2950
1063
3184
1966
1882
2950
1063
3184
1963
1883
2950
1063
3183
1962
1884
2950
1063
3184
1960
1885
2949
1063
3183
1958
1887
2949
1063
3184
1955
1889
2948
1063
3184
1954
1890
2948
1063
3183
1950
1891
2948
1063
3184
1948
1892
2947
1063
3184
1946
1894
2947
1063
3184
1943
1895
2947
1063
3184
1941
1897
2946
1063
3184
1939
1898
2945
1063
3184
1937
1900
2944
1063
3184
1934
1901
2944
1063
3184
1932
1902
2943
1063
3185
1930
1904
2943
1063
3185
1927
1906
2942
1063
3185
1925
1908
2941
1063
3185
1923
1910
2939
1063
3185
1920
1911
2939
1063
3185
1918
1914
2937
1063
3185
1916
1915
2937
1063
3186
1913
1917
2936
1063
3186
1912
1918
2934
1063
3186
1909
1920
2933
1063
3186
1906
1922
2932
1063
3186
1904
1924
2930
1063
3186
1902
1926
2929
1063
3186
1899
1928
2927
1063
3187
1897
1930
2926
1063
3187
1895
1932
2924
1063
3187
1893
1934
2923
1063
3187
1890
1936
2921
1063
3186
1887
1938
2920
1063
3187
1885
1940
2918
1063
3186
1882
1942
2916
1063
3187
1879
1945
2914
1063
3186
1877
1947
2913
1063
3186
1875
1949
2910
1063
3186
1872
1951
2908
1063
3186
1870
1954
2906
1062
3186
1867
1956
2904
1063
3186
1865
1959
2902
1063
3186
1862
1961
2901
1063
3186
1859
1964
2898
1063
3185
1857
1967
2896
1063
3186
1854
1969
2894
1063
3185
1852
1972
2892
1063
3185
1849
1975
2890
1063
3185
1847
1978
2888
1063
3184
1844
1981
2886
1063
3184
1841
1984
2884
1063
3184
1837
1987
2882
1062
3184
1834
1990
2880
1063
3184
1832
1993
2877
1063
3183
1829
1997
2875
1063
3184
1826
2000
2873
1063
3183
1823
2003
2871
1063
3183
1820
2007
2868
1063
3183
1817
2010
2866
1063
3183
1813
2014
2863
1063
3183
1810
2018
2860
1063
3183
1807
2022
2858
1063
3182
1804
2026
2855
1063
3183
1800
2030
2853
1063
3183
1797
2033
2850
1063
3182
1794
2037
2848
1063
3183
1791
2041
2845
1063
3183
1788
2046
2843
1063
3182
1785
2050
2840
1062
3183
1782
2054
2837
1063
3183
1779
2058
2835
1063
3183
1776
2063
2831
1063
3183
1774
2067
2828
1063
3183
1770
2072
2826
1063
3183
1767
2076
2823
1063
3183
1764
2082
2820
1063
3184
1761
2087
2817
1063
3184
1758
2091
2814
1063
3184
1754
2096
2811
1063
3184
1752
2100
2808
1063
3184
1748
2105
2805
1063
3184
1745
2109
2801
1063
3184
1741
2114
2798
1063
3184
1738
2118
2795
1063
3184
1734
2123
2792
1063
3184
1730
2128
2789
1063
3184
1727
2133
2785
1063
3185
1724
2138
2781
1063
3184
1720
2142
2778
1063
3184
1717
2148
2775
1063
3184
1713
2153
2772
1063
3185
1710
2158
2768
1063
3184
1706
2163
2764
1063
3185
1702
2168
2761
1063
3185
1699
2173
2757
1063
3185
1696
2178
2753
1063
3185
1692
2182
2749
1063
3185
1688
2186
2745
1063
3185
1684
2191
2742
1063
3185
1681
2197
2737
1063
3185
1677
2201
2733
1063
3185
1674
2206
2728
1063
3185
1670
2211
2724
1063
3185
1667
2216
2719
1063
3185
1663
2220
2715
1063
3185
1660
2225
2711
1063
3186
1656
2228
2707
1063
3185
1653
2233
2702
1063
3185
1650
2238
2698
1063
3185
1646
2243
2694
1063
3185
1643
2247
2689
1063
3185
1639
2252
2685
1063
3185
1636
2256
2680
1063
3185
1633
2261
2676
1063
3184
1629
2265
2671
1063
3184
1625
2269
2666
1063
3184
1622
2275
2663
1063
3183
1618
2279
2658
1063
3183
1615
2283
2655
1064
3184
1612
2287
2650
1063
3183
1609
2292
2647
1063
3183
1605
2296
2642
1063
3183
1601
2301
2638
1063
3183
1598
2305
2634
1063
3183
1594
2309
2630
1063
3183
1591
2313
2626
1063
3183
1588
2317
2623
1063
3183
1584
2322
2620
1063
3182
1581
2326
2616
1063
3182
1578
2330
2613
1063
3182
1575
2334
2609
1063
3182
1571
2339
2606
1063
3182
1568
2343
2602
1063
3182
1565
2348
2599
1062
3182
1561
2352
2596
1063
3182
1559
2356
2591
1063
3181
1555
2360
2588
1063
3181
1553
2364
2585
1063
3181
1550
2368
2583
1063
3181
1547
2372
2580
1063
3181
1544
2376
2577
1063
3181
1542
2380
2575
1063
3181
1539
2384
2571
1063
3180
1536
2388
2568
1063
3180
1533
2392
2565
1063
3180
1531
2397
2562
1063
3180
1528
2401
2560
1063
3180
1525
2405
2557
1063
3180
1523
2410
2554
1063
3179
1520
2414
2550
1063
3179
1517
2419
2548
1063
3179
1515
2423
2545
1063
3179
1512
2428
2540
1063
3179
1510
2432
2537
1063
3179
1508
2436
2535
1063
3179
1505
2440
2533
1063
3179
1503
2445
2529
1063
3179
1501
2449
2527
1063
3179
1498
2453
2525
1063
3179
1496
2457
2523
1063
3180
1493
2461
2520
1063
3180
1491
2465
2518
1063
3180
1489
2469
2515
1063
3180
1487
2474
2513
1063
3180
1484
2477
2509
1063
3181
1483
2481
2506
1063
3181
1480
2485
2504
1063
3181
1478
2490
2502
1063
3181
1476
2494
2500
1063
3181
1473
2497
2497
1063
3181
1471
2502
2495
1063
3181
1469
2506
2492
1063
3181
1468
2510
2490
1063
3182
1466
2513
2488
1063
3182
1463
2517
2485
1063
3181
1462
2520
2483
1063
3181
1460
2525
2480
1063
3181
1458
2528
2478
1063
3182
1456
2531
2476
1063
3182
1454
2535
2473
1063
3182
1453
2539
2471
1063
3181
1451
2542
2468
1063
3182
1450
2546
2466
1063
3182
1448
2550
2462
1063
3183
1447
2553
2460
1063
3183
1446
2557
2457
1063
3183
1445
2560
2455
1063
3183
1443
2563
2452
1063
3183
1442
2566
2450
1063
3184
1440
2570
2447
1063
3184
1440
2572
2445
1063
3184
1439
2575
2442
1063
3184
1438
2578
2440
1063
3185
1437
2581
2437
1063
3185
1436
2584
2435
1063
3185
1435
2587
2431
1063
3186
1434
2589
2429
1063
3186
1434
2592
2426
1063
3186
1433
2595
2423
1063
3186
1432
2598
2420
1063
3187
1432
2601
2417
1063
3187
1432
2603
2414
1063
3187
1431
2605
2412
1063
3187
1431
2608
2409
1063
3187
1431
2610
2406
1063
3188
1430
2612
2403
1063
3188
1431
2615
2399
1063
3188
1431
2616
2396
1063
3188
1431
2618
2394
1063
3188
1431
2621
2391
1063
3188
1431
2623
2388
1063
3188
1431
2625
2385
1063
3188
1431
2627
2382
1063
3188
1431
2629
2380
1063
3187
1431
2631
2376
1062
3188
1431
2632
2374
1063
3188
1431
2634
2372
1063
3188
1432
2636
2369
1063
3188
1432
2638
2366
1063
3188
1432
2640
2363
1063
3188
1432
2641
2361
1063
3188
1433
2643
2358
1063
3188
1433
2644
2355
1063
3188
1434
2646
2352
1063
3189
1434
2647
2350
1063
3189
1436
2648
2347
1063
3189
1436
2650
2345
1063
3189
1437
2651
2342
1063
3189
1439
2653
2340
1063
3189
1440
2653
2337
1063
3189
1440
2654
2334
1063
3190
1441
2655
2332
1063
3190
1442
2656
2329
1063
3190
1444
2656
2327
1063
3190
1446
2657
2325
1063
3190
1447
2657
2323
1063
3190
1449
2658
2321
1063
3190
1451
2658
2319
1063
3191
1453
2658
2318
1063
3191
1454
2658
2316
1063
3191
1456
2658
2314
1063
3192
1458
2658
2312
1063
3191
1460
2658
2311
1063
3192
1462
2658
2309
1063
3192
1463
2658
2307
1063
3191
1465
2658
2305
1063
3192
1467
2658
2304
1063
3192
1469
2658
2302
1063
3192
1471
2658
2300
1063
3192
1473
2657
2299
1063
3192
1475
2657
2298
1063
3192
1477
2657
2296
1063
3191
1479
2656
2295
1063
3191
1482
2656
2294
1063
3191
1484
2656
2293
1063
3191
1486
2655
2291
1063
3191
1488
2654
2290
1063
3191
1490
2654
2289
1063
3191
1493
2653
2288
1063
3191
1495
2652
2288
1063
3191
1498
2652
2287
1063
3191
1501
2651
2286
1063
3191
1503
2650
2286
1063
3191
1505
2648
2285
1063
3190
1508
2648
2285
1063
3191
1511
2646
2284
1063
3191
1513
2645
2284
1063
3190
1516
2644
2284
1063
3190
1518
2643
2283
1063
3190
1522
2641
2283
1063
3190
1524
2640
2283
1063
3190
1526
2638
2282
1063
3190
1530
2637
2282
1063
3190
1533
2635
2282
1063
3190
1536
2633
2282
1063
3190
1539
2632
2282
1063
3189
1541
2630
2282
1063
3189
1544
2628
2282
1063
3189
1547
2626
2282
1063
3189
1550
2624
2282
1063
3189
1553
2622
2282
1063
3188
1556
2620
2282
1063
3188
1559
2618
2282
1063
3188
1562
2616
2282
1063
3188
1565
2614
2282
1063
3188
1568
2611
2282
1063
3188
1570
2609
2282
1063
3188
1573
2607
2282
1063
3188
1576
2605
2282
1063
3188
1578
2602
2282
1063
3187
1582
2601
2282
1063
3188
1584
2598
2282
1063
3187
1587
2595
2282
1063
3187
1589
2594
2282
1063
3187
1593
2591
2282
1063
3187
1595
2589
2283
1063
3187
1598
2586
2283
1063
3187
1600
2584
2283
1063
3187
1603
2581
2284
1063
3187
1606
2579
2284
1063
3187
1609
2576
2284
1063
3187
1612
2574
2284
1063
3187
1615
2571
2284
1063
3187
1617
2569
2285
1063
3187
1620
2566
2285
1063
3187
1623
2563
2285
1063
3187
1626
2561
2286
1063
3187
1629
2558
2286
1063
3187
1633
2556
2287
1063
3187
1637
2553
2287
1063
3187
1640
2550
2288
1063
3187
1643
2548
2288
1063
3187
1646
2545
2288
1063
3187
1650
2542
2289
1063
3187
1653
2540
2289
1063
3187
1657
2537
2290
1063
3187
1660
2534
2290
1063
3187
1663
2531
2290
1063
3187
1667
2529
2291
1063
3187
1670
2526
2291
1063
3187
1674
2523
2292
1063
3187
1677
2520
2292
1063
3187
1681
2518
2293
1063
3187
1684
2515
2293
1063
3186
1688
2512
2294
1063
3186
1691
2510
2294
1063
3186
1694
2507
2294
1063
3187
1697
2504
2295
1063
3186
1701
2501
2295
1063
3186
1704
2499
2296
1063
3186
1707
2497
2296
1063
3186
1710
2493
2297
1063
3186
1714
2491
2298
1063
3186
1717
2488
2298
1063
3186
1719
2486
2299
1063
3186
1724
2484
2300
1063
3186
1726
2481
2300
1063
3186
1729
2479
2301
1063
3186
1732
2476
2302
1063
3186
1735
2474
2303
1063
3186
1738
2471
2303
1063
3186
1741
2469
2304
1063
3186
1744
2467
2305
1063
3186
1747
2465
2305
1063
3186
1750
2463
2306
1063
3187
1753
2460
2307
1063
3187
1756
2458
2308
1063
3187
1759
2456
2308
1063
3188
1761
2454
2309
1063
3188
1765
2452
2310
1063
3189
1768
2449
2310
1063
3189
1770
2447
2311
1063
3189
1773
2445
2311
1063
3189
1777
2443
2312
1063
3189
1780
2440
2313
1063
3189
1782
2439
2313
1063
3189
1786
2436
2313
1063
3189
1788
2434
2314
1063
3190
1791
2433
2315
1063
3190
1794
2430
2315
1062
3190
1797
2428
2315
1063
3190
1799
2426
2316
1063
3191
1801
2424
2316
1063
3190
1804
2422
2317
1063
3191
1806
2419
2317
1063
3191
1810
2417
2318
1063
3192
1812
2415
2318
1063
3192
1814
2413
2319
1063
3193
1816
2411
2319
1063
3193
1817
2409
2319
1063
3193
1819
2407
2320
1063
3194
1821
2405
2320
1063
3194
1823
2403
2321
1063
3194
1825
2400
2322
1063
3194
1826
2398
2322
1063
3194
1827
2396
2323
1063
3195
1829
2394
2324
1063
3195
1831
2392
2325
1063
3195
1831
2390
2325
1063
3195
1832
2387
2327
1063
3196
1833
2385
2327
1063
3195
1835
2383
2328
1063
3195
1835
2381
2329
1063
3196
1837
2379
2331
1063
3195
1837
2377
2332
1063
3196
1838
2375
2332
1063
3196
1839
2373
2334
1063
3196
1842
2371
2335
1063
3196
1843
2369
2338
1063
3196
1843
2367
2339
1063
3196
1844
2365
2340
1063
3196
1845
2363
2342
1063
3196
1846
2361
2344
1063
3196
1847
2359
2345
1063
3196
1847
2357
2347
1063
3196
1848
2355
2349
1063
3196
1849
2353
2350
1063
3196
1850
2351
2352
1063
3196
1850
2349
2354
1063
3196
1851
2348
2355
1063
3196
1851
2345
2357
1063
3196
1852
2344
2360
1063
3196
1853
2341
2361
1063
3196
1854
2339
2363
1063
3196
1854
2337
2365
1063
3196
1855
2334
2367
1063
3197
1855
2332
2369
1063
3197
1856
2330
2371
1063
3197
1857
2327
2374
1063
3197
1858
2326
2375
1063
3197
1859
2323
2378
1063
3198
1860
2321
2380
1063
3198
1860
2319
2382
1063
3198
1861
2316
2385
1063
3199
1862
2314
2387
1063
3199
1863
2312
2390
1063
3199
1863
2309
2392
1063
3200
1864
2307
2395
1063
3200
1865
2305
2396
1063
3200
1866
2302
2399
1063
3200
1867
2301
2403
1063
3200
1867
2298
2405
1063
3201
1868
2296
2407
1063
3201
1869
2293
2410
1063
3201
1870
2291
2412
1063
3201
1871
2289
2415
1063
3201
1871
2287
2418
1063
3201
1872
2284
2419
1063
3202
1873
2282
2422
1063
3202
1873
2280
2425
1063
3202
1875
2277
2427
1063
3202
1875
2275
2430
1063
3202
1876
2271
2432
1063
3202
1877
2269
2435
1063
3203
1878
2267
2437
1063
3203
1879
2264
2440
1063
3203
1880
2262
2442
1063
3204
1881
2260
2445
1063
3204
1882
2257
2447
1063
3204
1883
2255
2449
1063
3204
1884
2253
2451
1063
3204
1885
2250
2454
1063
3204
1886
2248
2456
1063
3204
1887
2246
2458
1063
3205
1889
2243
2460
1063
3204
1890
2241
2462
1063
3205
1890
2239
2465
1063
3205
1891
2237
2468
1063
3205
1893
2234
2469
1063
3205
1893
2233
2471
1063
3205
1895
2230
2473
1063
3205
1896
2227
2475
1063
3206
1897
2225
2477
1063
3206
1898
2223
2478
1063
3207
1899
2220
2480
1063
3207
1900
2218
2482
1063
3207
1902
2215
2483
1063
3207
1903
2213
2485
1063
3208
1904
2211
2487
1063
3207
1906
2208
2488
1063
3209
1908
2206
2490
1063
3209
1909
2204
2491
1063
3209
1911
2201
2492
1063
3209
1912
2199
2494
1063
3210
1915
2197
2495
1063
3210
1916
2194
2497
1063
3210
1918
2192
2498
1063
3210
1920
2190
2500
1063
3211
1921
2188
2501
1063
3211
1923
2185
2503
1063
3211
1925
2183
2504
1063
3211
1927
2181
2505
1063
3211
1929
2178
2506
1063
3212
1931
2176
2508
1063
3212
1932
2173
2509
1063
3212
1935
2171
2510
1063
3213
1936
2169
2513
1063
3212
1938
2166
2514
1063
3213
1940
2163
2515
1063
3213
1942
2161
2516
1063
3213
1944
2159
2517
1063
3214
1946
2156
2518
1063
3214
1948
2154
2519
1063
3214
1951
2151
2520
1063
3215
1954
2148
2521
1063
3215
1956
2146
2522
1063
3216
1958
2142
2523
1063
3216
1961
2140
2524
1063
3217
1963
2138
2525
1063
3217
1965
2135
2526
1063
3218
1968
2133
2527
1063
3218
1971
2130
2528
1063
3218
1973
2128
2529
1063
3219
1975
2126
2530
1063
3219
1978
2124
2531
1063
3220
1980
2122
2532
1063
3220
1982
2119
2533
1063
3221
1985
2118
2534
1063
3222
1987
2116
2535
1063
3222
1990
2114
2536
1063
3223
1992
2112
2537
1063
3223
1995
2110
2538
1063
3224
1996
2108
2539
1063
3224
1998
2106
2540
1063
3225
2001
2104
2540
1063
3225
2002
2103
2542
1063
3226
2004
2102
2543
1063
3227
2006
2099
2543
1063
3227
2008
2098
2546
1063
3228
2010
2097
2546
1063
3228
2012
2095
2547
1063
3229
2014
2094
2548
1063
3230
2016
2093
2549
1063
3231
2018
2091
2550
1063
3232
2020
2090
2550
1063
3232
2022
2088
2551
1063
3232
2024
2087
2551
1063
3233
2025
2086
2550
1063
3234
2027
2084
2551
1063
3235
2029
2083
2551
1063
3236
2030
2082
2552
1063
3237
2032
2082
2552
1063
3238
2033
2081
2552
1063
3239
2036
2081
2553
1063
3240
2037
2079
2553
1063
3241
2039
2079
2554
1063
3242
2041
2079
2554
1063
3242
2042
2078
2555
1063
3243
2044
2078
2556
1063
3244
2046
2078
2557
1063
3245
2047
2077
2557
1063
3246
2048
2077
2558
1063
3246
2050
2077
2558
1062
3248
2052
2077
2558
1063
3249
2053
2077
2558
1063
3250
2054
2077
2557
1063
3251
2055
2077
2558
1063
3252
2056
2077
2558
1063
3253
2058
2077
2558
1063
3255
2059
2077
2558
1063
3256
2060
2077
2558
1063
3257
2061
2077
2557
1063
3259
2063
2077
2557
1063
3260
2064
2077
2556
1063
3262
2065
2077
2556
1063
3263
2066
2077
2556
1063
3265
2067
2077
2555
1063
3267
2068
2077
2555
1063
3268
2069
2077
2555
1063
3270
2070
2077
2555
1063
3272
2071
2077
2555
1063
3274
2072
2077
2555
1062
3276
2073
2077
2555
1063
3277
2074
2077
2555
1063
3279
2074
2077
2555
1063
3281
2075
2077
2555
1063
3283
2076
2077
2555
1062
3286
2076
2077
2555
1063
3288
2077
2077
2555
1063
3290
2078
2077
2555
1063
3292
2078
2077
2555
1063
3294
2079
2077
2555
1063
3296
2079
2077
2556
1063
3298
2079
2077
2556
1063
3300
2080
2076
2556
1063
3302
2081
2076
2557
1063
3305
2081
2076
2557
1063
3307
2081
2076
2557
1063
3309
2081
2076
2557
1063
3312
2081
2076
2558
1063
3314
2081
2076
2558
1063
3317
2082
2076
2558
1063
3320
2083
2076
2558
1063
3322
2083
2077
2558
1063
3325
2083
2077
2558
1063
3327
2084
2077
2558
1063
3330
2083
2077
2558
1063
3333
2084
2077
2558
1063
3335
2084
2077
2558
1063
3338
2083
2077
2558
1063
3340
2083
2077
2558
1063
3343
2083
2078
2558
1063
3345
2083
2078
2558
1063
3347
2083
2078
2559
1063
3350
2083
2079
2559
1063
3352
2082
2078
2559
1062
3354
2082
2079
2560
1063
3357
2082
2079
2560
1063
3359
2081
2081
2560
1063
3361
2082
2081
2561
1063
3363
2081
2082
2562
1063
3365
2081
2082
2562
1063
3367
2081
2083
2562
1063
3369
2081
2083
2563
1063
3371
2081
2084
2564
1063
3374
2080
2085
2564
1063
3376
2081
2085
2565
1063
3378
2081
2086
2567
1063
3381
2080
2086
2567
1063
3383
2080
2086
2568
1063
3385
2080
2087
2569
1063
3387
2080
2087
2570
1063
3390
2079
2088
2571
1063
3392
2079
2088
2571
1063
3394
2079
2088
2573
1063
3396
2079
2089
2574
1063
3398
2078
2089
2575
1063
3400
2078
2089
2576
1063
3402
2077
2090
2577
1063
3404
2077
2090
2577
1063
3406
2076
2091
2579
1063
3408
2076
2091
2579
1063
3410
2075
2091
2580
1063
3412
2074
2092
2581
1063
3413
2073
2092
2582
1063
3416
2073
2092
2582
1063
3417
2072
2093
2584
1063
3419
2070
2093
2584
1063
3421
2069
2093
2585
1063
3422
2068
2093
2586
1063
3423
2067
2094
2586
1063
3425
2066
2094
2587
1063
3426
2064
2094
2588
1063
3428
2062
2094
2589
1064
3429
2061
2095
2590
1063
3430
2060
2096
2590
1063
3432
2058
2096
2591
1063
3433
2056
2096
2591
1063
3435
2054
2097
2593
1063
3435
2053
2097
2594
1063
3436
2050
2098
2595
1063
3438
2048
2098
2596
1063
3439
2046
2099
2596
1063
3440
2044
2099
2597
1063
3441
2041
2100
2598
1063
3442
2039
2100
2598
1063
3443
2036
2100
2599
1063
3445
2033
2101
2600
1063
3446
2030
2101
2600
1063
3447
2027
2102
2601
1063
3448
2024
2102
2602
1063
3449
2021
2102
2602
1063
3450
2018
2102
2603
1063
3451
2015
2103
2604
1063
3452
2012
2103
2605
1063
3454
2008
2104
2606
1063
3455
2005
2104
2606
1063
3456
2002
2104
2607
1063
3457
1998
2104
2608
1063
3458
1995
2105
2610
1063
3460
1992
2105
2610
1063
3461
1989
2106
2611
1063
3462
1985
2106
2612
1063
3463
1982
2107
2613
1063
3465
1979
2108
2614
1063
3465
1975
2108
2615
1063
3467
1973
2109
2617
1063
3467
1969
2110
2618
1063
3469
1965
2111
2619
1063
3470
1962
2112
2620
1063
3470
1959
2113
2621
1063
3472
1956
2114
2623
1063
3472
1951
2115
2625
1063
3473
1947
2117
2627
1063
3474
1943
2118
2628
1063
3475
1939
2119
2630
1063
3476
1936
2121
2632
1063
3476
1932
2123
2634
1063
3477
1928
2125
2635
1063
3477
1924
2127
2637
1063
3478
1920
2130
2639
1063
3479
1915
2132
2642
1063
3480
1911
2134
2644
1063
3481
1907
2137
2646
1063
3482
1903
2139
2648
1063
3482
1899
2142
2650
1063
3483
1894
2145
2652
1063
3484
1890
2148
2654
1063
3485
1885
2150
2656
1064
3486
1880
2153
2658
1063
3487
1876
2155
2659
1063
3488
1871
2158
2660
1063
3489
1866
2161
2662
1063
3490
1861
2164
2663
1063
3491
1856
2167
2663
1063
3491
1852
2169
2665
1063
3493
1847
2172
2666
1063
3494
1842
2175
2668
1063
3495
1837
2178
2669
1063
3496
1832
2181
2671
1063
3497
1827
2184
2673
1063
3498
1823
2188
2674
1063
3498
1818
2191
2676
1063
3499
1814
2194
2676
1063
3500
1810
2197
2677
1063
3501
1804
2200
2679
1063
3502
1799
2204
2679
1063
3503
1795
2207
2679
1063
3503
1791
2211
2681
1063
3505
1785
2215
2681
1063
3506
1781
2219
2681
1063
3507
1777
2222
2682
1063
3508
1772
2226
2682
1063
3509
1767
2229
2682
1063
3510
1762
2233
2682
1063
3511
1758
2236
2682
1063
3513
1753
2240
2682
1063
3514
1748
2242
2681
1063
3515
1743
2246
2681
1063
3516
1738
2249
2681
1063
3518
1734
2252
2680
1063
3519
1729
2254
2679
1063
3521
1724
2258
2679
1063
3522
1720
2261
2678
1063
3524
1716
2264
2677
1063
3526
1712
2267
2676
1063
3527
1707
2271
2675
1063
3528
1703
2276
2674
1063
3529
1699
2279
2673
1063
3531
1695
2282
2671
1063
3532
1690
2284
2670
1063
3533
1686
2288
2669
1063
3533
1682
2291
2668
1063
3534
1678
2294
2667
1063
3534
1674
2298
2666
1063
3535
1670
2301
2665
1063
3536
1666
2305
2664
1063
3537
1662
2307
2662
1063
3538
1658
2311
2662
1063
3538
1654
2314
2661
1063
3538
1651
2317
2659
1063
3539
1647
2321
2658
1063
3540
1643
2324
2657
1063
3540
1640
2327
2655
1063
3540
1637
2330
2654
1062
3541
1633
2333
2652
1063
3541
1629
2337
2650
1063
3541
1626
2340
2649
1063
3541
1624
2343
2647
1063
3541
1621
2345
2645
1063
3542
1618
2349
2644
1063
3541
1615
2352
2641
1063
3541
1612
2355
2638
1063
3541
1610
2358
2637
1063
3541
1608
2361
2634
1063
3541
1605
2363
2632
1063
3541
1603
2366
2630
1062
3541
1601
2369
2627
1063
3541
1598
2372
2625
1063
3541
1596
2375
2622
1063
3541
1594
2378
2619
1063
3541
1591
2380
2617
1062
3541
1589
2383
2614
1063
3541
1587
2386
2611
1063
3541
1586
2388
2609
1063
3541
1583
2391
2606
1063
3541
1582
2393
2603
1063
3541
1580
2396
2600
1063
3541
1578
2398
2598
1063
3541
1576
2400
2594
1063
3540
1576
2402
2591
1063
3540
1575
2405
2588
1063
3540
1574
2407
2585
1063
3540
1573
2409
2582
1063
3539
1571
2411
2579
1063
3539
1570
2413
2576
1063
3539
1569
2415
2573
1063
3539
1569
2417
2570
1063
3539
1568
2419
2567
1063
3539
1568
2421
2563
1063
3538
1567
2423
2560
1063
3539
1567
2426
2557
1063
3538
1567
2427
2554
1063
3538
1567
2429
2551
1063
3538
1567
2431
2548
1063
3538
1567
2433
2543
1063
3538
1567
2435
2540
1063
3538
1566
2437
2538
1063
3537
1567
2439
2534
1063
3537
1567
2441
2531
1063
3537
1567
2443
2527
1063
3537
1567
2445
2525
1063
3537
1567
2447
2521
1063
3537
1567
2448
2518
1063
3537
1567
2451
2515
1063
3537
1568
2452
2511
1063
3537
1568
2454
2507
1063
3537
1568
2456
2504
1063
3537
1568
2457
2501
1063
3537
1568
2459
2498
1063
3537
1568
2461
2495
1063
3537
1569
2462
2491
1063
3537
1569
2464
2488
1063
3537
1570
2466
2485
1063
3537
1570
2468
2481
1063
3536
1571
2468
2478
1063
3536
1571
2470
2475
1063
3536
1572
2472
2471
1063
3536
1573
2473
2468
1063
3536
1573
2475
2463
1063
3536
1574
2476
2460
1063
3535
1575
2478
2456
1063
3534
1575
2479
2452
1063
3534
1576
2480
2448
1063
3534
1578
2482
2445
1063
3533
1578
2483
2441
1063
3533
1579
2484
2437
1063
3532
1581
2486
2433
1063
3531
1582
2487
2429
1063
3531
1583
2489
2425
1063
3530
1584
2490
2420
1063
3529
1586
2491
2416
1063
3528
1587
2493
2411
1063
3527
1589
2494
2407
1063
3527
1591
2495
2402
1063
3526
1593
2496
2396
1063
3525
1595
2497
2392
1063
3523
1597
2498
2387
1063
3523
1599
2499
2382
1063
3522
1601
2501
2377
1063
3520
1603
2502
2372
1063
3519
1606
2503
2367
1063
3519
1608
2504
2362
1063
3517
1609
2506
2357
1063
3516
1611
2507
2351
1063
3515
1613
2509
2346
1063
3514
1615
2509
2341
1063
3513
1617
2511
2335
1063
3512
1618
2512
2330
1063
3511
1620
2513
2325
1063
3510
1622
2515
2319
1063
3510
1624
2516
2314
1063
3509
1625
2517
2310
1063
3508
1626
2519
2304
1063
3508
1628
2521
2299
1063
3508
1629
2522
2295
1063
3508
1631
2524
2290
1063
3508
1631
2525
2284
1063
3507
1633
2527
2280
1063
3507
1635
2529
2275
1063
3507
1636
2531
2270
1063
3507
1637
2532
2265
1063
3506
1638
2534
2261
1063
3506
1639
2536
2257
1063
3506
1639
2538
2253
1063
3506
1641
2540
2249
1063
3505
1641
2542
2244
1063
3505
1642
2544
2240
1063
3505
1642
2546
2236
1063
3505
1643
2548
2232
1063
3505
1643
2551
2228
1063
3505
1644
2553
2225
1063
3504
1645
2555
2219
1063
3504
1645
2558
2216
1063
3504
1645
2560
2212
1063
3503
1645
2563
2208
1063
3503
1646
2566
2205
1063
3503
1646
2569
2202
1063
3503
1645
2571
2198
1063
3502
1646
2574
2195
1063
3502
1645
2577
2191
1063
3502
1646
2580
2187
1063
3501
1645
2583
2184
1063
3501
1645
2586
2181
1063
3501
1645
2589
2179
1063
3501
1645
2592
2175
1063
3501
1644
2595
2172
1063
3501
1644
2598
2169
1063
3500
1644
2602
2165
1063
3501
1643
2604
2162
1063
3500
1642
2608
2159
1063
3500
1642
2610
2156
1063
3500
1641
2613
2154
1063
3500
1640
2615
2152
1063
3500
1640
2618
2149
1063
3500
1639
2620
2145
1063
3500
1639
2623
2143
1063
3500
1638
2625
2141
1063
3500
1637
2628
2138
1063
3500
1636
2630
2136
1063
3500
1636
2633
2133
1063
3500
1635
2635
2131
1063
3500
1634
2637
2129
1063
3501
1633
2640
2126
1063
3501
1633
2642
2124
1063
3501
1631
2644
2122
1063
3501
1630
2646
2119
1063
3501
1629
2648
2117
1063
3501
1628
2651
2115
1063
3502
1628
2652
2113
1063
3502
1627
2654
2110
1063
3502
1626
2656
2108
1063
3503
1625
2657
2106
1063
3503
1625
2659
2104
1063
3503
1624
2661
2101
1063
3504
1623
2662
2099
1063
3503
1623
2664
2097
1063
3503
1622
2665
2095
1063
3504
1622
2667
2093
1063
3504
1621
2669
2090
1063
3503
1620
2671
2088
1063
3504
1621
2672
2086
1063
3504
1620
2673
2083
1063
3504
1620
2675
2081
1063
3504
1620
2676
2078
1063
3504
1619
2678
2076
1063
3505
1619
2679
2074
1063
3505
1619
2680
2072
1063
3504
1619
2682
2070
1063
3504
1619
2684
2067
1063
3504
1619
2685
2066
1063
3504
1619
2686
2063
1063
3504
1618
2688
2061
1063
3504
1619
2689
2059
1063
3505
1618
2690
2057
1063
3504
1618
2691
2055
1063
3504
1618
2692
2053
1063
3504
1618
2693
2051
1063
3504
1619
2694
2048
1063
3503
1619
2695
2046
1063
3503
1619
2697
2045
1063
3503
1619
2698
2043
1063
3502
1619
2699
2040
1063
3503
1619
2700
2038
1063
3502
1619
2702
2037
1063
3502
1619
2703
2035
1063
3501
1619
2705
2031
1063
3501
1619
2706
2029
1063
3501
1620
2707
2027
1063
3501
1620
2709
2025
1063
3501
1620
2710
2023
1063
3501
1620
2711
2021
1063
3501
1620
2712
2019
1063
3501
1621
2713
2017
1063
3501
1620
2714
2014
1063
3501
1621
2715
2012
1063
3501
1621
2716
2010
1063
3501
1621
2718
2008
1063
3500
1622
2719
2006
1063
3500
1622
2720
2004
1063
3499
1622
2721
2002
1063
3499
1623
2722
1998
1063
3499
1623
2722
1996
1063
3499
1624
2724
1994
1063
3498
1624
2725
1992
1063
3498
1625
2726
1990
1063
3498
1625
2727
1988
1062
3497
1626
2728
1986
1063
3497
1627
2729
1983
1063
3497
1628
2729
1981
1063
3496
1629
2731
1979
1062
3495
1630
2732
1977
1063
3495
1631
2733
1974
1063
3494
1633
2734
1972
1062
3494
1634
2735
1970
1062
3494
1635
2735
1968
1063
3493
1636
2736
1965
1062
3492
1638
2737
1963
1063
3492
1639
2738
1961
1063
3491
1640
2739
1959
1062
3491
1641
2740
1956
1062
3491
1643
2741
1954
1062
3491
1644
2741
1951
1062
3490
1646
2742
1949
1063
3490
1647
2743
1946
1062
3489
1649
2744
1944
1062
3489
1651
2744
1942
1062
3489
1652
2745
1939
1062
3489
1654
2746
1937
1063
3488
1655
2747
1934
1062
3488
1657
2747
1932
1062
3488
1659
2747
1929
1063
3488
1661
2748
1927
1062
3488
1662
2748
1924
1063
3487
1664
2749
1922
1062
3487
1666
2749
1919
1062
3487
1667
2749
1917
1062
3486
1669
2750
1914
1062
3486
1671
2750
1911
1062
3486
1673
2750
1909
1062
3486
1675
2750
1906
1063
3485
1677
2751
1903
1062
3485
1679
2751
1900
1062
3485
1681
2751
1898
1062
3485
1682
2751
1895
1063
3484
1685
2751
1893
1063
3484
1687
2751
1890
1062
3484
1689
2751
1887
1062
3484
1691
2751
1884
1062
3483
1694
2751
1881
1062
3483
1695
2751
1879
1062
3482
1697
2751
1876
1062
3482
1700
2751
1873
1062
3482
1702
2751
1870
1062
3481
1704
2751
1867
1062
3480
1706
2750
1865
1062
3480
1709
2750
1862
1062
3480
1711
2750
1859
1062
3479
1713
2750
1857
1062
3478
1715
2750
1854
1062
3478
1717
2749
1851
1062
3477
1720
2749
1848
1062
3477
1722
2749
1845
1062
3477
1725
2749
1843
1062
3476
1727
2749
1840
1062
3476
1729
2749
1837
1062
3475
1732
2749
1835
1062
3475
1734
2749
1831
1062
3474
1737
2749
1829
1062
3473
1740
2749
1826
1062
3473
1742
2749
1822
1062
3472
1745
2748
1820
1062
3471
1747
2748
1817
1062
3470
1750
2748
1814
1062
3470
1753
2747
1812
1062
3469
1756
2747
1809
1062
3468
1759
2746
1806
1062
3467
1761
2746
1803
1062
3466
1765
2744
1801
1062
3465
1767
2744
1798
1062
3464
1770
2744
1795
1062
3463
1773
2743
1793
1062
3462
1776
2743
1790
1062
3461
1779
2742
1787
1062
3459
1782
2741
1785
1062
3458
1785
2741
1782
1062
3457
1788
2739
1779
1062
3456
1791
2738
1777
1062
3455
1794
2737
1773
1062
3454
1797
2736
1771
1062
3453
1800
2735
1769
1062
3451
1803
2734
1766
1062
3450
1806
2733
1763
1063
3449
1810
2732
1761
1062
3448
1814
2731
1758
1062
3447
1817
2729
1756
1062
3446
1820
2728
1753
1062
3445
1824
2727
1751
1063
3444
1827
2726
1748
1062
3443
1830
2724
1746
1062
3442
1834
2723
1744
1062
3442
1837
2722
1741
1062
3440
1842
2720
1739
1062
3440
1845
2719
1737
1063
3438
1848
2718
1734
1062
3438
1852
2716
1732
1063
3437
1854
2714
1729
1063
3435
1858
2713
1727
1062
3435
1861
2712
1725
1062
3434
1865
2710
1723
1063
3433
1868
2709
1721
1062
3432
1871
2707
1719
1063
3431
1875
2706
1716
1063
3430
1878
2704
1715
1063
3430
1881
2702
1712
1063
3429
1884
2700
1711
1062
3428
1888
2699
1708
1062
3428
1891
2697
1706
1063
3427
1895
2695
1704
1063
3426
1898
2692
1703
1062
3426
1902
2690
1701
1063
3425
1905
2688
1700
1062
3425
1909
2686
1698
1063
3424
1913
2683
1698
1062
3423
1916
2681
1697
1063
3423
1919
2679
1695
1062
3423
1923
2676
1693
1062
3422
1926
2674
1692
1062
3421
1930
2672
1691
1062
3421
1933
2669
1689
1062
3421
1937
2666
1688
1062
3420
1940
2664
1687
1062
3420
1944
2661
1685
1062
3419
1947
2659
1684
1063
3419
1951
2657
1683
1062
3418
1954
2655
1682
1062
3417
1958
2653
1681
1062
3417
1961
2651
1680
1063
3416
1964
2648
1680
1062
3416
1968
2646
1679
1062
3416
1970
2643
1678
1063
3415
1973
2641
1677
1063
3414
1976
2638
1677
1063
3414
1979
2636
1676
1063
3414
1982
2633
1676
1063
3413
1985
2631
1676
1063
3413
1988
2629
1676
1063
3413
1991
2626
1676
1063
3412
1994
2624
1675
1063
3412
1996
2621
1676
1063
3411
1999
2619
1676
1062
3411
2002
2616
1675
1062
3411
2004
2613
1676
1062
3411
2007
2611
1676
1063
3410
2009
2608
1676
1062
3410
2012
2606
1676
1063
3409
2014
2603
1676
1063
3409
2017
2601
1676
1063
3409
2019
2598
1677
1063
3408
2022
2596
1677
1062
3408
2024
2594
1677
1062
3407
2027
2592
1677
1063
3407
2029
2589
1677
1062
3407
2032
2587
1677
1063
3406
2034
2585
1677
1063
3406
2036
2583
1678
1063
3406
2039
2581
1678
1063
3405
2040
2578
1678
1062
3404
2043
2576
1679
1063
3404
2046
2574
1679
1062
3404
2047
2573
1679
1063
3403
2049
2571
1679
1063
3402
2051
2568
1680
1062
3402
2053
2567
1680
1063
3401
2055
2564
1680
1062
3401
2057
2562
1681
1062
3401
2058
2560
1681
1063
3400
2060
2559
1682
1062
3400
2062
2557
1682
1062
3400
2064
2555
1683
1063
3399
2065
2553
1683
1062
3399
2067
2551
1683
1063
3399
2068
2549
1684
1062
3399
2070
2547
1685
1063
3398
2072
2545
1685
1063
3399
2074
2544
1686
1062
3398
2076
2541
1686
1062
3398
2077
2539
1687
1062
3398
2079
2537
1687
1063
3398
2081
2535
1688
1063
3398
2082
2533
1689
1062
3397
2083
2531
1690
1063
3397
2085
2529
1691
1062
3397
2086
2526
1692
1062
3397
2088
2524
1693
1062
3397
2089
2522
1694
1062
3397
2091
2519
1694
1062
3397
2093
2517
1696
1062
3397
2094
2515
1697
1062
3397
2095
2512
1698
1063
3397
2097
2510
1699
1063
3397
2098
2507
1701
1062
3396
2100
2505
1702
1062
3396
2102
2502
1703
1063
3397
2104
2499
1704
1063
3396
2106
2497
1706
1062
3396
2108
2494
1707
1063
3396
2109
2492
1709
1062
3396
2111
2489
1710
1062
3396
2113
2486
1712
1063
3396
2114
2483
1714
1063
3396
2116
2480
1715
1063
3396
2117
2478
1717
1062
3396
2119
2475
1719
1063
3396
2121
2473
1720
1062
3396
2122
2470
1722
1063
3396
2124
2467
1724
1063
3396
2125
2465
1726
1062
3396
2127
2462
1728
1063
3396
2128
2459
1730
1062
3396
2130
2457
1731
1062
3396
2131
2454
1733
1062
3396
2133
2452
1736
1063
3396
2135
2449
1738
1062
3396
2136
2446
1740
1063
3396
2138
2443
1742
1062
3396
2139
2441
1744
1062
3396
2141
2438
1745
1063
3396
2142
2435
1748
1062
3395
2145
2433
1750
1063
3395
2146
2430
1752
1062
3395
2148
2427
1754
1062
3395
2149
2424
1756
1063
3395
2151
2421
1758
1063
3395
2152
2419
1760
1062
3395
2153
2416
1762
1063
3394
2155
2412
1764
1062
3394
2157
2410
1766
1062
3394
2158
2407
1768
1063
3394
2160
2404
1770
1062
3394
2161
2401
1772
1062
3394
2162
2398
1774
1063
3394
2164
2395
1776
1063
3394
2166
2392
1778
1063
3394
2167
2390
1780
1062
3394
2168
2386
1783
1063
3394
2169
2384
1785
1062
3394
2171
2381
1787
1062
3394
2172
2379
1789
1063
3394
2174
2376
1791
1063
3394
2174
2373
1793
1062
3394
2176
2370
1795
1063
3394
2177
2368
1797
1062
3394
2179
2364
1799
1062
3394
2180
2362
1801
1062
3394
2181
2359
1804
1063
3394
2182
2356
1806
1062
3394
2183
2354
1808
1062
3394
2185
2351
1810
1063
3394
2187
2348
1813
1062
3394
2187
2345
1814
1063
3394
2188
2342
1817
1063
3394
2190
2339
1819
1062
3394
2192
2335
1821
1062
3394
2192
2333
1823
1063
3394
2194
2330
1827
1063
3394
2195
2327
1829
1062
3394
2197
2324
1831
1063
3393
2198
2321
1833
1062
3393
2199
2319
1835
1062
3393
2200
2316
1837
1063
3393
2202
2313
1840
1062
3393
2203
2311
1842
1062
3393
2205
2308
1844
1063
3392
2207
2306
1846
1063
3392
2209
2303
1848
1063
3392
2210
2300
1850
1063
3392
2212
2298
1852
1063
3392
2213
2296
1854
1063
3392
2215
2293
1856
1062
3391
2216
2290
1858
1063
3391
2217
2288
1860
1063
3391
2219
2286
1862
1062
3391
2220
2283
1864
1063
3391
2221
2281
1866
1063
3390
2223
2278
1868
1062
3390
2224
2276
1870
1063
3390
2225
2274
1872
1063
3389
2226
2271
1873
1062
3389
2227
2268
1875
1062
3389
2228
2266
1877
1063
3389
2230
2263
1878
1063
3389
2231
2261
1880
1062
3389
2232
2259
1882
1062
3388
2233
2256
1883
1063
3388
2234
2254
1885
1062
3388
2235
2252
1886
1062
3388
2236
2249
1888
1062
3388
2237
2247
1889
1062
3387
2238
2245
1891
1063
3388
2239
2242
1893
1063
3387
2240
2240
1894
1062
3387
2241
2237
1895
1062
3387
2242
2236
1897
1062
3387
2243
2233
1898
1062
3387
2245
2230
1900
1062
3386
2245
2228
1901
1062
3386
2246
2226
1903
1062
3386
2247
2223
1904
1062
3386
2248
2221
1905
1062
3386
2250
2218
1907
1063
3385
2250
2216
1908
1062
3386
2252
2213
1910
1062
3385
2253
2211
1911
1063
3385
2253
2209
1913
1063
3385
2254
2207
1914
1062
3386
2255
2204
1916
1063
3385
2257
2202
1917
1062
3386
2258
2199
1919
1063
3386
2259
2197
1920
1062
3386
2260
2195
1922
1063
3386
2261
2192
1923
1062
3385
2262
2190
1924
1062
3385
2263
2187
1926
1062
3386
2265
2185
1928
1062
3386
2266
2183
1929
1062
3386
2267
2181
1931
1062
3385
2268
2178
1933
1062
3386
2269
2176
1934
1063
3385
2270
2174
1936
1062
3386
2271
2171
1937
1063
3385
2274
2169
1939
1062
3385
2275
2167
1940
1063
3385
2276
2164
1942
1063
3386
2277
2162
1944
1063
3386
2278
2160
1945
1062
3385
2279
2158
1947
1062
3385
2280
2156
1949
1062
3385
2281
2154
1951
1063
3385
2281
2152
1953
1063
3385
2282
2150
1956
1062
3385
2282
2148
1958
1063
3385
2283
2146
1959
1063
3385
2284
2143
1961
1062
3385
2284
2141
1963
1062
3385
2285
2140
1965
1062
3385
2285
2137
1966
1062
3385
2286
2136
1968
1062
3385
2286
2134
1970
1063
3385
2287
2132
1973
1062
3385
2287
2130
1974
1062
3385
2287
2128
1977
1062
3385
2288
2126
1978
1063
3385
2288
2124
1981
1062
3385
2288
2122
1983
1063
3385
2289
2121
1985
1062
3384
2289
2119
1987
1063
3384
2289
2117
1989
1062
3384
2289
2115
1991
1062
3384
2289
2113
1994
1063
3384
2289
2111
1996
1063
3384
2289
2109
1998
1062
3384
2289
2107
2001
1062
3383
2289
2105
2004
1062
3383
2289
2104
2006
1062
3383
2289
2102
2008
1062
3384
2289
2100
2011
1062
3383
2289
2098
2013
1062
3383
2289
2097
2015
1063
3383
2289
2096
2018
1062
3383
2289
2094
2020
1062
3384
2289
2092
2023
1063
3384
2289
2091
2026
1062
3384
2289
2089
2028
1063
3384
2289
2088
2031
1062
3384
2288
2086
2034
1062
3384
2288
2085
2037
1062
3384
2288
2083
2040
1063
3384
2288
2082
2043
1062
3385
2287
2081
2045
1062
3385
2287
2079
2048
1062
3385
2286
2077
2051
1063
3385
2286
2076
2053
1062
3385
2285
2075
2056
1063
3385
2285
2074
2059
1063
3385
2284
2073
2062
1063
3385
2283
2072
2065
1062
3386
2282
2071
2067
1062
3385
2281
2070
2071
1062
3386
2281
2069
2073
1062
3385
2279
2068
2076
1062
3386
2278
2068
2079
1063
3386
2277
2067
2083
1062
3386
2275
2066
2087
1062
3386
2275
2066
2089
1062
3386
2273
2065
2092
1062
3386
2271
2065
2095
1062
3386
2269
2064
2098
1063
3386
2268
2063
2101
1062
3386
2266
2063
2104
1062
3387
2265
2062
2107
1062
3386
2263
2061
2110
1062
3386
2262
2061
2113
1062
3387
2260
2061
2116
1063
3386
2257
2060
2119
1063
3386
2256
2060
2122
1062
3386
2254
2060
2124
1062
3387
2252
2061
2127
1062
3386
2250
2060
2131
1062
3387
2248
2060
2133
1062
3386
2246
2060
2137
1062
3386
2244
2060
2139
1062
3386
2241
2060
2142
1062
3386
2239
2061
2145
1063
3386
2237
2061
2148
1062
3386
2234
2061
2151
1062
3386
2233
2062
2154
1062
3386
2230
2062
2157
1063
3387
2228
2062
2159
1062
3387
2226
2062
2162
1062
3387
2224
2063
2165
1063
3387
2222
2063
2168
1063
3386
2220
2063
2171
1063
3386
2217
2064
2174
1063
3387
2215
2064
2177
1062
3387
2213
2064
2179
1062
3387
2210
2065
2182
1062
3387
2207
2065
2185
1063
3387
2205
2065
2187
1063
3387
2203
2065
2190
1062
3387
2200
2065
2194
1062
3387
2198
2066
2197
1062
3387
2196
2066
2200
1063
3388
2194
2066
2203
1062
3388
2191
2066
2205
1062
3388
2189
2066
2208
1063
3389
2187
2066
2211
1063
3389
2185
2066
2214
1062
3389
2183
2066
2217
1063
3389
2181
2066
2219
1063
3389
2179
2066
2222
1062
3389
2176
2066
2226
1062
3390
2174
2066
2229
1063
3390
2173
2066
2232
1062
3391
2170
2066
2234
1062
3391
2168
2066
2237
1063
3391
2167
2066
2239
1062
3391
2164
2066
2242
1062
3392
2162
2066
2245
1063
3392
2160
2065
2247
1062
3392
2158
2065
2250
1063
3392
2157
2064
2253
1063
3392
2154
2064
2255
1062
3393
2153
2064
2258
1063
3393
2151
2064
2261
1062
3393
2148
2065
2264
1062
3394
2147
2064
2266
1063
3394
2145
2064
2269
1063
3394
2142
2064
2273
1062
3394
2140
2064
2275
1062
3394
2138
2064
2278
1063
3395
2136
2064
2281
1062
3395
2135
2064
2284
1062
3395
2133
2064
2286
1062
3395
2131
2064
2289
1062
3396
2130
2064
2291
1062
3396
2128
2064
2294
1063
3396
2127
2064
2296
1062
3396
2124
2063
2299
1063
3396
2123
2063
2302
1062
3396
2121
2063
2304
1063
3396
2119
2063
2307
1063
3397
2118
2063
2309
1062
3397
2116
2062
2311
1063
3397
2114
2062
2314
1062
3398
2112
2062
2316
1062
3398
2111
2062
2318
1062
3398
2109
2062
2320
1062
3398
2108
2062
2323
1063
3399
2106
2061
2325
1063
3399
2105
2061
2327
1063
3399
2103
2061
2329
1062
3399
2102
2061
2331
1062
3399
2101
2061
2332
1063
3400
2099
2061
2334
1062
3400
2098
2060
2337
1062
3400
2096
2061
2339
1062
3400
2095
2060
2340
1062
3400
2094
2059
2343
1062
3401
2092
2059
2344
1062
3401
2092
2059
2346
1062
3401
2090
2059
2347
1062
3401
2089
2058
2349
1062
3401
2088
2058
2351
1063
3402
2087
2057
2352
1062
3402
2086
2057
2354
1063
3402
2085
2056
2355
1062
3402
2084
2055
2357
1062
3403
2083
2055
2359
1062
3403
2082
2054
2360
1063
3403
2081
2054
2362
1063
3404
2080
2053
2363
1063
3403
2079
2052
2365
1062
3403
2078
2052
2366
1062
3404
2078
2051
2367
1063
3404
2077
2050
2369
1063
3404
2076
2049
2370
1062
3404
2075
2049
2371
1062
3404
2074
2048
2372
1063
3404
2074
2047
2373
1063
3404
2073
2046
2374
1062
3405
2072
2045
2375
1062
3405
2071
2044
2377
1062
3404
2071
2044
2377
1062
3404
2070
2043
2379
1062
3404
2069
2041
2380
1062
3404
2069
2041
2381
1062
3405
2068
2040
2382
1062
3404
2068
2039
2384
1062
3404
2067
2038
2385
1063
3404
2067
2036
2386
1063
3405
2067
2035
2387
1063
3405
2066
2034
2388
1062
3404
2066
2033
2389
1062
3405
2065
2032
2390
1063
3404
2065
2031
2391
1062
3405
2065
2030
2393
1063
3405
2065
2028
2394
1063
3404
2065
2027
2395
1063
3405
2065
2026
2396
1062
3404
2065
2025
2397
1062
3404
2065
2023
2398
1063
3404
2065
2022
2399
1062
3404
2065
2020
2402
1062
3404
2066
2019
2402
1063
3404
2066
2018
2404
1062
3404
2066
2014
2405
1062
3403
2066
2013
2405
1063
3403
2066
2012
2407
1062
3403
2067
2010
2407
1063
3403
2067
2009
2409
1063
3403
2067
2007
2410
1062
3403
2067
2005
2411
1062
3402
2067
2003
2412
1062
3402
2068
2002
2414
1062
3402
2068
2000
2414
1062
3402
2068
1999
2416
1062
3402
2068
1997
2417
1063
3402
2068
1995
2418
1062
3402
2069
1993
2419
1063
3402
2069
1992
2420
1062
3402
2070
1990
2421
1063
3402
2070
1988
2422
1062
3402
2071
1986
2423
1063
3401
2071
1984
2425
1062
3401
2072
1982
2426
1062
3401
2073
1981
2426
1063
3400
2073
1978
2427
1063
3401
2074
1977
2429
1063
3400
2075
1974
2430
1062
3400
2075
1972
2431
1062
3399
2076
1970
2433
1062
3399
2077
1968
2433
1062
3399
2078
1966
2435
1063
3399
2079
1963
2436
1062
3398
2079
1961
2437
1062
3398
2080
1959
2438
1062
3398
2081
1957
2440
1063
3397
2082
1954
2441
1063
3397
2082
1952
2442
1062
3396
2083
1950
2444
1063
3396
2085
1947
2445
1063
3396
2085
1945
2446
1063
3395
2086
1943
2447
1062
3395
2087
1941
2448
1063
3395
2088
1939
2450
1062
3395
2088
1936
2451
1063
3394
2089
1934
2453
1062
3394
2090
1932
2454
1063
3394
2091
1930
2456
1063
3394
2092
1928
2457
1063
3394
2093
1926
2458
1062
3393
2093
1923
2460
1063
3393
2094
1921
2462
1062
3393
2095
1919
2465
1063
3393
2095
1917
2467
1063
3393
2096
1914
2468
1063
3393
2097
1913
2470
1063
3392
2098
1911
2472
1063
3392
2099
1908
2473
1062
3392
2099
1906
2475
1063
3392
2100
1904
2477
1063
3392
2101
1902
2479
1063
3392
2101
1899
2481
1063
3391
2102
1897
2483
1063
3391
2103
1896
2484
1062
3391
2103
1893
2487
1062
3391
2104
1891
2489
1063
3390
2105
1889
2490
1063
3390
2105
1886
2492
1063
3390
2106
1884
2495
1063
3389
2106
1882
2497
1063
3389
2107
1880
2498
1063
3389
2107
1877
2500
1062
3388
2108
1875
2503
1062
3388
2108
1874
2505
1062
3388
2109
1871
2506
1062
3388
2109
1869
2509
1063
3388
2110
1867
2511
1063
3387
2110
1865
2514
1063
3387
2110
1862
2516
1062
3386
2110
1861
2519
1062
3386
2111
1859
2521
1062
3386
2111
1857
2523
1062
3386
2111
1854
2526
1062
3386
2112
1852
2528
1062
3386
2112
1850
2530
1062
3386
2112
1849
2532
1062
3385
2112
1847
2535
1063
3385
2112
1845
2537
1062
3385
2112
1842
2539
1062
3385
2112
1841
2541
1062
3385
2112
1839
2545
1062
3385
2112
1837
2547
1062
3385
2112
1836
2549
1063
3385
2112
1834
2551
1062
3384
2112
1832
2554
1063
3384
2112
1831
2556
1062
3384
2112
1828
2559
1062
3384
2112
1827
2561
1063
3384
2112
1825
2563
1062
3384
2112
1825
2565
1062
3384
2112
1822
2568
1063
3384
2112
1821
2570
1062
3383
2112
1819
2572
1063
3384
2111
1818
2575
1062
3384
2111
1817
2577
1062
3383
2111
1816
2580
1062
3384
2110
1815
2582
1063
3384
2110
1815
2584
1062
3384
2110
1813
2586
1063
3384
2110
1812
2589
1062
3384
2109
1811
2591
1063
3384
2110
1810
2594
1062
3384
2109
1810
2596
1062
3385
2109
1808
2599
1062
3384
2109
1807
2600
1062
3385
2109
1806
2603
1062
3385
2109
1805
2605
1062
3385
2109
1804
2607
1063
3385
2108
1803
2610
1062
3385
2108
1802
2612
1063
3385
2108
1802
2613
1062
3385
2108
1801
2616
1062
3386
2107
1800
2618
1062
3386
2106
1800
2619
1062
3386
2106
1799
2621
1062
3386
2106
1798
2623
1062
3386
2105
1797
2625
1062
3386
2105
1797
2626
1063
3386
2104
1796
2627
1062
3386
2103
1796
2628
1062
3386
2103
1796
2629
1062
3386
2102
1796
2631
1063
3386
2102
1796
2633
1063
3386
2102
1796
2634
1062
3387
2101
1796
2635
1062
3387
2101
1796
2636
1062
3387
2100
1796
2637
1062
3387
2100
1796
2639
1063
3387
2100
1797
2641
1062
3388
2099
1797
2642
1062
3388
2099
1797
2642
1062
3388
2099
1798
2643
1062
3388
2098
1799
2644
1062
3388
2098
1799
2645
1062
3388
2098
1799
2645
1062
3388
2098
1800
2646
1062
3388
2098
1801
2646
1063
3389
2097
1801
2647
1062
3389
2097
1802
2647
1062
3389
2098
1803
2647
1062
3389
2097
1804
2647
1063
3389
2097
1804
2647
1062
3389
2097
1805
2647
1062
3389
2097
1806
2647
1062
3389
2097
1808
2647
1062
3389
2097
1808
2647
1063
3389
2096
1809
2647
1062
3389
2096
1810
2646
1062
3389
2096
1811
2646
1062
3389
2096
1813
2645
1062
3389
2095
1814
2645
1062
3389
2095
1815
2644
1062
3389
2095
1817
2644
1062
3389
2095
1817
2644
1062
3389
2094
1819
2643
1062
3389
2094
1820
2643
1062
3389
2094
1822
2642
1063
3389
2093
1825
2642
1062
3389
2093
1826
2641
1063
3389
2093
1828
2639
1063
3388
2093
1830
2638
1062
3388
2092
1832
2637
1062
3388
2091
1834
2636
1062
3388
2091
1835
2634
1063
3388
2091
1838
2634
1062
3388
2090
1840
2632
1062
3387
2090
1842
2631
1062
3387
2089
1844
2629
1062
3387
2088
1847
2628
1062
3386
2088
1849
2627
1062
3387
2088
1852
2625
1063
3386
2086
1854
2623
1062
3387
2086
1856
2621
1062
3387
2085
1859
2619
1063
3387
2084
1861
2617
1062
3386
2083
1864
2615
1063
3386
2082
1867
2613
1062
3386
2081
1869
2611
1062
3386
2081
1872
2609
1063
3386
2080
1875
2606
1062
3386
2079
1878
2603
1062
3385
2078
1881
2601
1062
3385
2076
1883
2598
1062
3385
2075
1886
2596
1062
3385
2074
1890
2593
1062
3385
2073
1893
2589
1062
3385
2071
1896
2586
1062
3385
2070
1900
2584
1063
3384
2069
1903
2580
1062
3384
2068
1907
2578
1063
3384
2067
1910
2575
1062
3384
2065
1913
2572
1062
3384
2064
1917
2569
1062
3384
2063
1920
2566
1062
3384
2061
1924
2563
1062
3384
2060
1927
2560
1062
3384
2059
1931
2557
1063
3384
2058
1935
2554
1062
3384
2056
1939
2551
1062
3384
2055
1942
2548
1062
3384
2054
1946
2543
1062
3384
2053
1950
2540
1062
3384
2051
1954
2537
1062
3384
2050
1958
2533
1062
3384
2048
1961
2530
1062
3384
2046
1966
2526
1063
3384
2045
1969
2523
1062
3384
2043
1973
2520
1063
3385
2042
1977
2517
1062
3385
2040
1981
2513
1062
3385
2039
1985
2509
1062
3385
2037
1989
2506
1062
3385
2036
1993
2502
1062
3385
2034
1998
2499
1062
3385
2033
2002
2495
1062
3385
2031
2005
2492
1062
3385
2029
2010
2489
1062
3385
2028
2015
2485
1062
3385
2026
2019
2482
1062
3385
2025
2024
2478
1063
3385
2023
2027
2475
1062
3385
2021
2032
2472
1063
3385
2020
2036
2468
1062
3385
2018
2039
2465
1062
3385
2017
2043
2461
1062
3385
2015
2047
2457
1063
3386
2013
2052
2454
1062
3386
2011
2055
2451
1062
3385
2010
2060
2448
1062
3386
2008
2064
2444
1062
3385
2007
2067
2441
1062
3385
2005
2071
2438
1062
3385
2003
2075
2434
1063
3386
2002
2079
2431
1063
3386
2000
2084
2428
1063
3386
1998
2088
2425
1062
3386
1996
2091
2422
1062
3386
1995
2095
2419
1062
3386
1993
2099
2416
1062
3386
1992
2103
2413
1062
3386
1991
2106
2410
1062
3386
1988
2110
2407
1062
3386
1987
2114
2404
1063
3386
1985
2117
2402
1062
3386
1983
2121
2398
1062
3386
1982
2125
2396
1062
3386
1981
2128
2392
1062
3386
1978
2132
2390
1063
3386
1977
2135
2388
1062
3386
1975
2139
2385
1062
3386
1974
2142
2382
1062
3386
1972
2147
2381
1062
3386
1970
2150
2378
1062
3386
1968
2153
2376
1062
3387
1967
2157
2374
1063
3386
1965
2160
2372
1063
3386
1963
2164
2369
1062
3387
1961
2168
2367
1063
3387
1960
2171
2364
1062
3387
1958
2174
2361
1063
3387
1956
2177
2359
1063
3387
1954
2181
2357
1062
3387
1953
2184
2355
1062
3387
1950
2188
2353
1063
3387
1948
2191
2351
1062
3387
1946
2194
2349
1062
3387
1944
2198
2347
1062
3387
1942
2202
2345
1062
3387
1940
2204
2344
1063
3387
1938
2208
2342
1062
3388
1936
2212
2340
1062
3387
1933
2215
2338
1062
3388
1932
2218
2335
1062
3387
1930
2221
2333
1063
3388
1927
2225
2332
1062
3388
1926
2228
2330
1062
3388
1923
2231
2328
1062
3388
1921
2234
2327
1063
3389
1919
2238
2325
1062
3389
1917
2241
2324
1062
3389
1915
2244
2322
1062
3389
1913
2247
2320
1062
3390
1910
2251
2319
1063
3390
1908
2254
2318
1062
3391
1906
2257
2316
1062
3391
1904
2260
2315
1062
3391
1902
2264
2313
1063
3392
1900
2267
2312
1062
3392
1897
2270
2311
1062
3392
1895
2274
2310
1063
3393
1893
2278
2308
1062
3393
1890
2281
2307
1062
3393
1888
2284
2306
1063
3394
1886
2287
2304
1062
3394
1884
2290
2304
1062
3394
1881
2294
2302
1062
3395
1880
2297
2301
1062
3395
1877
2301
2300
1062
3396
1875
2304
2298
1062
3396
1873
2307
2297
1062
3397
1870
2311
2296
1062
3397
1868
2314
2295
1062
3397
1866
2317
2294
1063
3398
1864
2321
2292
1062
3398
1861
2324
2291
1062
3399
1859
2328
2290
1062
3399
1857
2331
2289
1062
3399
1854
2334
2288
1062
3400
1853
2338
2286
1062
3400
1850
2342
2285
1062
3400
1848
2345
2284
1062
3401
1847
2349
2283
1062
3402
1845
2352
2282
1063
3402
1843
2356
2280
1062
3403
1841
2359
2278
1062
3403
1838
2363
2277
1062
3404
1836
2366
2275
1062
3404
1834
2369
2274
1063
3405
1832
2373
2271
1062
3405
1831
2376
2270
1062
3406
1829
2380
2268
1062
3406
1827
2383
2266
1062
3406
1826
2387
2264
1063
3407
1824
2390
2262
1062
3408
1822
2393
2261
1062
3408
1821
2397
2258
1062
3408
1819
2400
2257
1063
3409
1817
2403
2254
1062
3409
1816
2406
2252
1063
3409
1815
2410
2250
1062
3410
1813
2413
2248
1062
3411
1811
2416
2246
1062
3411
1810
2419
2243
1062
3411
1807
2422
2241
1062
3412
1806
2426
2238
1062
3412
1804
2429
2235
1062
3412
1803
2432
2233
1062
3413
1802
2434
2231
1062
3413
1801
2438
2228
1062
3413
1799
2441
2225
1062
3413
1797
2444
2221
1062
3413
1796
2447
2218
1062
3414
1795
2450
2216
1062
3414
1793
2453
2213
1063
3414
1792
2456
2210
1062
3414
1791
2459
2208
1063
3415
1790
2462
2205
1062
3414
1789
2465
2202
1062
3414
1788
2468
2199
1062
3415
1787
2471
2197
1062
3414
1785
2474
2193
1062
3415
1784
2476
2189
1062
3415
1783
2479
2187
1062
3415
1782
2482
2184
1062
3415
1781
2486
2181
1063
3415
1781
2488
2177
1062
3415
1780
2491
2174
1062
3415
1779
2494
2171
1062
3415
1779
2497
2168
1062
3415
1778
2500
2165
1062
3415
1777
2502
2162
1062
3415
1777
2505
2159
1063
3415
1777
2507
2155
1062
3415
1776
2510
2152
1062
3415
1775
2513
2149
1063
3415
1775
2515
2145
1062
3415
1775
2518
2142
1063
3415
1774
2520
2139
1062
3415
1774
2523
2136
1062
3415
1773
2525
2133
1062
3415
1773
2528
2130
1062
3415
1773
2530
2126
1062
3415
1773
2531
2123
1062
3415
1773
2534
2120
1062
3415
1773
2536
2117
1062
3415
1773
2538
2114
1062
3415
1773
2540
2110
1063
3415
1773
2542
2107
1063
3415
1773
2544
2104
1062
3415
1774
2546
2101
1062
3416
1774
2548
2098
1062
3415
1774
2549
2095
1062
3415
1774
2551
2092
1063
3415
1774
2553
2089
1062
3415
1774
2554
2086
1062
3415
1775
2556
2083
1062
3415
1775
2558
2079
1062
3415
1776
2560
2076
1062
3415
1776
2561
2073
1062
3415
1776
2563
2070
1062
3415
1777
2564
2067
1062
3415
1777
2565
2064
1062
3415
1778
2567
2061
1062
3414
1779
2568
2059
1062
3415
1780
2570
2056
1062
3414
1781
2571
2053
1063
3414
1781
2571
2050
1062
3414
1782
2573
2047
1063
3414
1784
2574
2045
1062
3414
1785
2575
2043
1062
3413
1786
2576
2040
1062
3413
1787
2577
2037
1062
3413
1788
2578
2035
1063
3413
1788
2579
2031
1062
3413
1790
2580
2029
1062
3413
1791
2580
2026
1062
3413
1793
2581
2024
1062
3412
1794
2581
2022
1062
3412
1795
2582
2019
1062
3412
1796
2582
2016
1062
3412
1798
2583
2014
1062
3412
1799
2583
2012
1062
3411
1801
2583
2009
1062
3411
1802
2584
2007
1062
3411
1804
2585
2005
1063
3411
1806
2585
2002
1062
3411
1807
2585
1999
1062
3410
1810
2586
1996
1062
3410
1811
2586
1993
1063
3410
1813
2587
1992
1062
3409
1815
2587
1989
1062
3409
1817
2587
1987
1062
3409
1819
2587
1985
1062
3408
1820
2587
1983
1063
3408
1822
2587
1980
1062
3408
1824
2587
1978
1062
3407
1826
2586
1976
1062
3407
1828
2586
1973
1063
3407
1830
2586
1971
1063
3407
1831
2585
1969
1062
3406
1834
2585
1967
1062
3406
1836
2585
1965
1062
3405
1838
2585
1963
1063
3405
1841
2584
1960
1063
3404
1843
2584
1958
1062
3404
1846
2583
1956
1063
3404
1847
2582
1953
1063
3403
1850
2582
1950
1062
3403
1852
2581
1948
1063
3402
1854
2580
1946
1063
3402
1856
2579
1944
1062
3401
1859
2578
1941
1062
3401
1861
2577
1939
1062
3400
1864
2577
1937
1062
3400
1866
2575
1935
1063
3399
1868
2574
1933
1062
3398
1871
2573
1930
1062
3398
1873
2572
1928
1062
3397
1875
2571
1926
1063
3396
1877
2570
1924
1062
3395
1880
2569
1923
1062
3395
1882
2568
1921
1063
3394
1883
2567
1919
1062
3394
1885
2565
1917
1063
3393
1888
2564
1916
1062
3393
1890
2562
1915
1062
3392
1891
2561
1914
1062
3391
1893
2560
1912
1062
3391
1895
2558
1911
1062
3390
1897
2556
1909
1062
3390
1899
2554
1908
1063
3389
1901
2552
1907
1062
3389
1903
2551
1905
1062
3389
1904
2549
1904
1062
3388
1906
2547
1903
1063
3388
1908
2545
1902
1063
3388
1910
2543
1901
1062
3387
1912
2540
1900
1062
3387
1914
2538
1900
1062
3387
1915
2536
1899
1063
3387
1917
2533
1899
1062
3387
1919
2531
1899
1062
3386
1921
2528
1899
1062
3386
1922
2526
1899
1062
3386
1924
2524
1899
1063
3385
1926
2521
1899
1063
3385
1928
2518
1899
1062
3385
1930
2515
1900
1062
3386
1931
2512
1900
1063
3386
1934
2509
1901
1062
3385
1936
2506
1901
1063
3385
1938
2503
1902
1062
3385
1941
2500
1903
1063
3386
1942
2497
1904
1062
3385
1945
2493
1905
1062
3385
1947
2490
1906
1062
3385
1950
2487
1908
1063
3385
1953
2483
1909
1062
3385
1955
2481
1910
1062
3385
1958
2476
1912
1063
3385
1960
2474
1913
1062
3385
1963
2470
1915
1063
3385
1965
2467
1916
1062
3384
1968
2463
1918
1062
3384
1970
2459
1921
1063
3384
1973
2456
1922
1062
3384
1975
2452
1925
1062
3384
1978
2448
1927
1063
3384
1981
2444
1929
1063
3383
1983
2440
1931
1063
3383
1986
2436
1934
1062
3383
1989
2432
1936
1063
3383
1991
2428
1939
1062
3382
1994
2424
1942
1062
3382
1997
2420
1945
1062
3382
1999
2416
1947
1062
3382
2002
2412
1950
1062
3381
2004
2408
1954
1063
3381
2007
2404
1957
1063
3380
2009
2400
1960
1062
3380
2012
2396
1964
1062
3380
2014
2392
1967
1062
3379
2017
2387
1971
1063
3379
2019
2383
1974
1062
3378
2021
2380
1977
1063
3378
2023
2376
1981
1062
3377
2025
2371
1985
1062
3377
2027
2367
1990
1062
3376
2029
2363
1993
1063
3375
2031
2359
1998
1062
3374
2033
2355
2003
1062
3373
2035
2351
2007
1063
3372
2036
2348
2011
1062
3372
2038
2344
2015
1062
3371
2039
2340
2020
1062
3370
2041
2335
2024
1062
3370
2043
2331
2029
1062
3369
2044
2327
2034
1062
3369
2045
2324
2039
1062
3367
2046
2321
2043
1062
3367
2047
2317
2048
1062
3366
2049
2313
2053
1062
3365
2050
2310
2058
1063
3365
2051
2306
2062
1063
3364
2051
2303
2067
1062
3364
2052
2299
2072
1062
3363
2053
2297
2077
1063
3362
2054
2293
2083
1062
3362
2054
2290
2088
1062
3361
2055
2287
2093
1062
3361
2055
2283
2098
1062
3360
2056
2280
2103
1062
3360
2056
2276
2108
1062
3360
2057
2273
2113
1062
3360
2058
2269
2118
1062
3359
2058
2266
2123
1062
3359
2059
2263
2128
1062
3359
2059
2259
2133
1062
3359
2060
2256
2138
1062
3358
2060
2253
2143
1062
3358
2060
2249
2148
1062
3358
2061
2246
2153
1062
3358
2061
2243
2158
1062
3358
2061
2240
2162
1062
3358
2061
2236
2168
1062
3358
2062
2233
2173
1062
3357
2062
2230
2177
1062
3358
2062
2226
2182
1063
3358
2062
2223
2187
1062
3358
2063
2220
2193
1062
3358
2063
2216
2198
1062
3358
2063
2213
2202
1063
3358
2063
2210
2207
1062
3358
2063
2206
2212
1062
3358
2063
2204
2217
1063
3358
2063
2200
2222
1062
3358
2064
2197
2228
1063
3358
2063
2194
2233
1062
3359
2064
2191
2237
1062
3358
2064
2188
2242
1062
3359
2064
2186
2247
1062
3359
2063
2182
2252
1062
3359
2064
2179
2256
1062
3359
2064
2176
2261
1062
3359
2064
2174
2266
1062
3360
2064
2170
2270
1062
3359
2064
2168
2276
1062
3359
2064
2164
2281
1062
3360
2064
2162
2285
1063
3359
2064
2159
2289
1063
3360
2064
2156
2294
1062
3360
2064
2153
2298
1062
3360
2063
2150
2303
1062
3360
2064
2148
2307
1063
3360
2064
2145
2311
1062
3360
2064
2140
2316
1062
3360
2064
2138
2320
1063
3360
2064
2135
2324
1062
3360
2064
2132
2329
1062
3361
2064
2129
2333
1063
3361
2064
2126
2337
1062
3361
2064
2123
2342
1062
3361
2064
2120
2346
1062
3362
2064
2117
2350
1062
3362
2064
2114
2354
1062
3362
2064
2112
2358
1063
3363
2064
2109
2362
1062
3363
2064
2106
2366
1063
3363
2064
2103
2370
1062
3364
2064
2100
2374
1062
3363
2064
2098
2377
1062
3364
2064
2095
2381
1062
3364
2064
2092
2385
1062
3364
2064
2089
2389
1062
3364
2064
2086
2392
1062
3364
2064
2084
2396
1062
3364
2064
2081
2399
1063
3365
2064
2077
2405
1062
3365
2065
2075
2408
1062
3365
2065
2072
2411
1062
3365
2064
2069
2414
1062
3365
2065
2066
2417
1062
3365
2065
2064
2421
1063
3365
2065
2061
2424
1062
3365
2065
2058
2428
1062
3366
2065
2056
2431
1063
3366
2065
2053
2434
1062
3366
2065
2050
2438
1062
3366
2065
2047
2441
1063
3366
2066
2044
2444
1062
3366
2066
2041
2447
1062
3366
2066
2038
2450
1062
3366
2067
2036
2453
1063
3366
2067
2033
2456
1062
3366
2067
2030
2458
1063
3366
2067
2028
2461
1062
3367
2068
2025
2465
1062
3366
2068
2022
2468
1063
3367
2069
2019
2470
1063
3367
2069
2017
2473
1062
3367
2070
2013
2476
1063
3367
2071
2010
2478
1062
3367
2071
2007
2481
1062
3367
2073
2005
2483
1063
3368
2073
2002
2486
1063
3367
2074
1999
2488
1062
3367
2075
1996
2491
1062
3367
2075
1994
2494
1062
3367
2076
1991
2496
1063
3367
2077
1988
2498
1062
3367
2078
1985
2501
1062
3367
2079
1982
2503
1062
3367
2079
1980
2505
1062
3367
2080
1977
2508
1062
3366
2081
1974
2510
1063
3366
2081
1971
2514
1063
3366
2083
1968
2516
1063
3366
2083
1966
2518
1062
3365
2083
1963
2520
1062
3366
2084
1961
2523
1062
3365
2085
1958
2525
1062
3365
2086
1955
2527
1062
3365
2087
1952
2530
1062
3365
2087
1949
2533
1063
3365
2088
1947
2534
1062
3365
2088
1944
2536
1063
3365
2089
1942
2539
1063
3365
2089
1940
2541
1062
3365
2090
1938
2545
1062
3364
2091
1935
2547
1063
3365
2091
1933
2549
1062
3365
2092
1932
2552
1062
3364
2093
1929
2554
1062
3364
2093
1927
2556
1062
3364
2093
1926
2559
1063
3364
2094
1923
2561
1062
3364
2094
1922
2564
1062
3364
2095
1919
2566
1062
3364
2095
1918
2569
1063
3364
2095
1916
2571
1062
3363
2095
1914
2573
1062
3363
2096
1912
2576
1062
3363
2096
1910
2578
1062
3363
2096
1909
2580
1062
3363
2096
1907
2582
1062
3362
2096
1905
2585
1062
3362
2096
1903
2587
1063
3362
2096
1902
2589
1062
3362
2096
1900
2591
1062
3361
2096
1899
2595
1062
3362
2096
1898
2597
1063
3361
2096
1897
2599
1062
3361
2096
1896
2601
1062
3361
2096
1895
2603
1062
3361
2096
1894
2605
1062
3361
2096
1893
2607
1063
3361
2096
1892
2609
1063
3361
2095
1891
2611
1063
3361
2095
1890
2613
1062
3361
2095
1890
2615
1062
3361
2095
1889
2617
1063
3361
2095
1887
2619
1063
3361
2095
1887
2621
1062
3361
2094
1886
2622
1063
3361
2094
1885
2624
1062
3361
2094
1885
2626
1062
3361
2093
1884
2627
1063
3362
2093
1884
2629
1063
3362
2093
1884
2631
1062
3362
2092
1883
2633
1063
3362
2092
1883
2634
1062
3362
2091
1883
2636
1062
3362
2090
1882
2637
1062
3363
2090
1882
2639
1062
3363
2089
1882
2641
1062
3363
2088
1882
2643
1063
3363
2088
1882
2644
1063
3364
2086
1882
2646
1062
3364
2085
1882
2647
1062
3364
2084
1881
2649
1062
3364
2083
1882
2650
1063
3364
2082
1882
2651
1062
3364
2080
1882
2653
1063
3364
2079
1882
2655
1062
3364
2078
1882
2656
1062
3364
2076
1882
2657
1062
3364
2075
1882
2659
1062
